0.000,0.000
0.001,0.139
0.002,0.206
0.003,0.238
0.004,0.247
0.005,0.238
0.006,0.216
0.007,0.185
0.008,0.146
0.009,0.103
0.010,0.055
0.011,0.005
0.012,-0.046
0.013,-0.098
0.014,-0.150
0.015,-0.201
0.016,-0.252
0.017,-0.301
0.018,-0.348
0.019,-0.394
0.020,-0.437
0.021,-0.391
0.022,-0.299
0.023,-0.174
0.024,-0.027
0.025,0.138
0.026,0.316
0.027,0.503
0.028,0.697
0.029,0.894
0.030,1.059
0.031,1.195
0.032,1.307
0.033,1.396
0.034,1.466
0.035,1.518
0.036,1.556
0.037,1.581
0.038,1.594
0.039,1.598
0.040,1.594
0.041,1.582
0.042,1.564
0.043,1.541
0.044,1.513
0.045,1.483
0.046,1.449
0.047,1.414
0.048,1.377
0.049,1.338
0.050,1.299
0.051,1.260
0.052,1.221
0.053,1.182
0.054,1.144
0.055,1.107
0.056,1.070
0.057,1.035
0.058,1.001
0.059,0.968
0.060,0.937
0.061,0.907
0.062,0.879
0.063,0.852
0.064,0.827
0.065,0.803
0.066,0.782
0.067,0.761
0.068,0.742
0.069,0.725
0.070,0.709
0.071,0.695
0.072,0.682
0.073,0.671
0.074,0.661
0.075,0.652
0.076,0.644
0.077,0.637
0.078,0.632
0.079,0.627
0.080,0.624
0.081,0.621
0.082,0.619
0.083,0.618
0.084,0.618
0.085,0.619
0.086,0.620
0.087,0.621
0.088,0.623
0.089,0.626
0.090,0.629
0.091,0.633
0.092,0.636
0.093,0.641
0.094,0.645
0.095,0.650
0.096,0.654
0.097,0.659
0.098,0.664
0.099,0.669
0.100,0.674
0.101,0.680
0.102,0.685
0.103,0.690
0.104,0.695
0.105,0.700
0.106,0.705
0.107,0.710
0.108,0.714
0.109,0.719
0.110,0.723
0.111,0.727
0.112,0.731
0.113,0.735
0.114,0.738
0.115,0.742
0.116,0.745
0.117,0.748
0.118,0.750
0.119,0.752
0.120,0.755
0.121,0.756
0.122,0.758
0.123,0.759
0.124,0.760
0.125,0.761
0.126,0.761
0.127,0.762
0.128,0.762
0.129,0.761
0.130,0.761
0.131,0.760
0.132,0.759
0.133,0.757
0.134,0.756
0.135,0.754
0.136,0.751
0.137,0.749
0.138,0.746
0.139,0.743
0.140,0.740
0.141,0.737
0.142,0.733
0.143,0.729
0.144,0.725
0.145,0.721
0.146,0.717
0.147,0.712
0.148,0.707
0.149,0.702
0.150,0.697
0.151,0.691
0.152,0.685
0.153,0.679
0.154,0.673
0.155,0.667
0.156,0.661
0.157,0.654
0.158,0.648
0.159,0.641
0.160,0.634
0.161,0.626
0.162,0.619
0.163,0.612
0.164,0.604
0.165,0.596
0.166,0.588
0.167,0.580
0.168,0.572
0.169,0.564
0.170,0.556
0.171,0.547
0.172,0.539
0.173,0.530
0.174,0.521
0.175,0.512
0.176,0.503
0.177,0.494
0.178,0.485
0.179,0.476
0.180,0.467
0.181,0.457
0.182,0.448
0.183,0.438
0.184,0.429
0.185,0.419
0.186,0.409
0.187,0.399
0.188,0.389
0.189,0.379
0.190,0.369
0.191,0.359
0.192,0.349
0.193,0.339
0.194,0.329
0.195,0.318
0.196,0.308
0.197,0.297
0.198,0.287
0.199,0.276
0.200,0.266
0.201,0.255
0.202,0.245
0.203,0.234
0.204,0.223
0.205,0.212
0.206,0.201
0.207,0.190
0.208,0.180
0.209,0.169
0.210,0.158
0.211,0.147
0.212,0.135
0.213,0.124
0.214,0.113
0.215,0.102
0.216,0.091
0.217,0.080
0.218,0.068
0.219,0.057
0.220,0.046
0.221,0.034
0.222,0.023
0.223,0.012
0.224,0.000
0.225,-0.011
0.226,-0.023
0.227,-0.034
0.228,-0.046
0.229,-0.057
0.230,-0.069
0.231,-0.081
0.232,-0.092
0.233,-0.104
0.234,-0.116
0.235,-0.127
0.236,-0.139
0.237,-0.151
0.238,-0.163
0.239,-0.174
0.240,-0.186
0.241,-0.198
0.242,-0.210
0.243,-0.222
0.244,-0.234
0.245,-0.246
0.246,-0.257
0.247,-0.269
0.248,-0.281
0.249,-0.293
0.250,-0.305
0.251,-0.317
0.252,-0.330
0.253,-0.342
0.254,-0.354
0.255,-0.366
0.256,-0.378
0.257,-0.390
0.258,-0.402
0.259,-0.414
0.260,-0.427
0.261,-0.439
0.262,-0.451
0.263,-0.463
0.264,-0.476
0.265,-0.488
0.266,-0.500
0.267,-0.513
0.268,-0.525
0.269,-0.537
0.270,-0.550
0.271,-0.562
0.272,-0.574
0.273,-0.587
0.274,-0.599
0.275,-0.612
0.276,-0.624
0.277,-0.637
0.278,-0.649
0.279,-0.662
0.280,-0.674
0.281,-0.687
0.282,-0.699
0.283,-0.712
0.284,-0.725
0.285,-0.737
0.286,-0.750
0.287,-0.763
0.288,-0.775
0.289,-0.788
0.290,-0.801
0.291,-0.813
0.292,-0.826
0.293,-0.839
0.294,-0.852
0.295,-0.864
0.296,-0.877
0.297,-0.890
0.298,-0.903
0.299,-0.916
0.300,-0.929
0.301,-0.941
0.302,-0.954
0.303,-0.967
0.304,-0.980
0.305,-0.993
0.306,-1.006
0.307,-1.019
0.308,-1.032
0.309,-1.045
0.310,-1.058
0.311,-1.071
0.312,-1.084
0.313,-1.097
0.314,-1.110
0.315,-1.124
0.316,-1.137
0.317,-1.150
0.318,-1.163
0.319,-1.176
0.320,-1.189
0.321,-1.203
0.322,-1.216
0.323,-1.229
0.324,-1.242
0.325,-1.256
0.326,-1.269
0.327,-1.282
0.328,-1.296
0.329,-1.309
0.330,-1.322
0.331,-1.336
0.332,-1.349
0.333,-1.363
0.334,-1.376
0.335,-1.389
0.336,-1.403
0.337,-1.416
0.338,-1.430
0.339,-1.443
0.340,-1.457
0.341,-1.471
0.342,-1.484
0.343,-1.498
0.344,-1.511
0.345,-1.525
0.346,-1.539
0.347,-1.552
0.348,-1.566
0.349,-1.580
0.350,-1.593
0.351,-1.607
0.352,-1.621
0.353,-1.635
0.354,-1.649
0.355,-1.662
0.356,-1.676
0.357,-1.690
0.358,-1.704
0.359,-1.718
0.360,-1.732
0.361,-1.746
0.362,-1.760
0.363,-1.774
0.364,-1.788
0.365,-1.802
0.366,-1.816
0.367,-1.830
0.368,-1.844
0.369,-1.858
0.370,-1.872
0.371,-1.886
0.372,-1.900
0.373,-1.826
0.374,-1.707
0.375,-1.558
0.376,-1.387
0.377,-1.201
0.378,-1.004
0.379,-0.801
0.380,-0.594
0.381,-0.386
0.382,-0.177
0.383,0.029
0.384,0.232
0.385,0.431
0.386,0.625
0.387,0.814
0.388,0.997
0.389,1.173
0.390,1.343
0.391,1.507
0.392,1.664
0.393,1.814
0.394,1.958
0.395,2.096
0.396,2.227
0.397,2.315
0.398,2.365
0.399,2.385
0.400,2.378
0.401,2.350
0.402,2.303
0.403,2.241
0.404,2.167
0.405,2.082
0.406,1.990
0.407,1.891
0.408,1.788
0.409,1.681
0.410,1.573
0.411,1.463
0.412,1.354
0.413,1.245
0.414,1.138
0.415,1.033
0.416,0.930
0.417,0.830
0.418,0.733
0.419,0.639
0.420,0.550
0.421,0.464
0.422,0.382
0.423,0.304
0.424,0.231
0.425,0.161
0.426,0.096
0.427,0.035
0.428,-0.022
0.429,-0.075
0.430,-0.125
0.431,-0.170
0.432,-0.212
0.433,-0.250
0.434,-0.284
0.435,-0.315
0.436,-0.343
0.437,-0.368
0.438,-0.390
0.439,-0.409
0.440,-0.426
0.441,-0.439
0.442,-0.451
0.443,-0.460
0.444,-0.467
0.445,-0.472
0.446,-0.475
0.447,-0.476
0.448,-0.476
0.449,-0.474
0.450,-0.471
0.451,-0.467
0.452,-0.461
0.453,-0.455
0.454,-0.447
0.455,-0.438
0.456,-0.429
0.457,-0.419
0.458,-0.408
0.459,-0.397
0.460,-0.386
0.461,-0.374
0.462,-0.361
0.463,-0.349
0.464,-0.336
0.465,-0.323
0.466,-0.310
0.467,-0.297
0.468,-0.284
0.469,-0.272
0.470,-0.259
0.471,-0.246
0.472,-0.234
0.473,-0.221
0.474,-0.209
0.475,-0.197
0.476,-0.186
0.477,-0.175
0.478,-0.164
0.479,-0.153
0.480,-0.143
0.481,-0.133
0.482,-0.123
0.483,-0.114
0.484,-0.106
0.485,-0.097
0.486,-0.090
0.487,-0.082
0.488,-0.075
0.489,-0.069
0.490,-0.062
0.491,-0.057
0.492,-0.051
0.493,-0.047
0.494,-0.042
0.495,-0.038
0.496,-0.035
0.497,-0.031
0.498,-0.029
0.499,-0.026
0.500,-0.024
0.501,-0.023
0.502,-0.022
0.503,-0.021
0.504,-0.021
0.505,-0.021
0.506,-0.021
0.507,-0.022
0.508,-0.023
0.509,-0.024
0.510,-0.026
0.511,-0.028
0.512,-0.031
0.513,-0.033
0.514,-0.036
0.515,-0.040
0.516,-0.043
0.517,-0.047
0.518,-0.052
0.519,-0.056
0.520,-0.061
0.521,-0.066
0.522,-0.071
0.523,-0.077
0.524,-0.082
0.525,-0.088
0.526,-0.095
0.527,-0.101
0.528,-0.108
0.529,-0.114
0.530,-0.121
0.531,-0.129
0.532,-0.136
0.533,-0.144
0.534,-0.152
0.535,-0.159
0.536,-0.168
0.537,-0.176
0.538,-0.184
0.539,-0.193
0.540,-0.202
0.541,-0.210
0.542,-0.219
0.543,-0.229
0.544,-0.238
0.545,-0.247
0.546,-0.257
0.547,-0.266
0.548,-0.276
0.549,-0.286
0.550,-0.296
0.551,-0.306
0.552,-0.316
0.553,-0.326
0.554,-0.337
0.555,-0.347
0.556,-0.357
0.557,-0.368
0.558,-0.379
0.559,-0.389
0.560,-0.400
0.561,-0.411
0.562,-0.422
0.563,-0.433
0.564,-0.444
0.565,-0.456
0.566,-0.467
0.567,-0.478
0.568,-0.490
0.569,-0.501
0.570,-0.513
0.571,-0.524
0.572,-0.536
0.573,-0.547
0.574,-0.559
0.575,-0.571
0.576,-0.583
0.577,-0.595
0.578,-0.607
0.579,-0.619
0.580,-0.631
0.581,-0.643
0.582,-0.655
0.583,-0.667
0.584,-0.679
0.585,-0.692
0.586,-0.704
0.587,-0.716
0.588,-0.729
0.589,-0.741
0.590,-0.753
0.591,-0.766
0.592,-0.695
0.593,-0.580
0.594,-0.434
0.595,-0.266
0.596,-0.083
0.597,0.111
0.598,0.312
0.599,0.517
0.600,0.724
0.601,0.930
0.602,1.135
0.603,1.338
0.604,1.503
0.605,1.636
0.606,1.739
0.607,1.817
0.608,1.873
0.609,1.909
0.610,1.927
0.611,1.931
0.612,1.921
0.613,1.900
0.614,1.870
0.615,1.831
0.616,1.785
0.617,1.733
0.618,1.677
0.619,1.616
0.620,1.553
0.621,1.488
0.622,1.421
0.623,1.353
0.624,1.284
0.625,1.216
0.626,1.148
0.627,1.080
0.628,1.014
0.629,0.949
0.630,0.886
0.631,0.824
0.632,0.765
0.633,0.707
0.634,0.651
0.635,0.598
0.636,0.547
0.637,0.498
0.638,0.452
0.639,0.407
0.640,0.366
0.641,0.326
0.642,0.289
0.643,0.254
0.644,0.221
0.645,0.190
0.646,0.162
0.647,0.135
0.648,0.111
0.649,0.088
0.650,0.067
0.651,0.048
0.652,0.031
0.653,0.015
0.654,0.001
0.655,-0.012
0.656,-0.024
0.657,-0.034
0.658,-0.043
0.659,-0.050
0.660,-0.057
0.661,-0.062
0.662,-0.067
0.663,-0.071
0.664,-0.074
0.665,-0.076
0.666,-0.077
0.667,-0.078
0.668,-0.078
0.669,-0.078
0.670,-0.077
0.671,-0.076
0.672,-0.075
0.673,-0.073
0.674,-0.071
0.675,-0.068
0.676,-0.066
0.677,-0.063
0.678,-0.060
0.679,-0.057
0.680,-0.054
0.681,-0.051
0.682,-0.047
0.683,-0.044
0.684,-0.041
0.685,-0.038
0.686,-0.035
0.687,-0.032
0.688,-0.029
0.689,-0.027
0.690,-0.024
0.691,-0.022
0.692,-0.020
0.693,-0.018
0.694,-0.016
0.695,-0.015
0.696,-0.013
0.697,-0.012
0.698,-0.011
0.699,-0.010
0.700,-0.010
0.701,-0.010
0.702,-0.010
0.703,-0.010
0.704,-0.011
0.705,-0.011
0.706,-0.012
0.707,-0.014
0.708,-0.015
0.709,-0.017
0.710,-0.019
0.711,-0.021
0.712,-0.024
0.713,-0.027
0.714,-0.030
0.715,-0.033
0.716,-0.036
0.717,-0.040
0.718,-0.044
0.719,-0.048
0.720,-0.053
0.721,-0.057
0.722,-0.062
0.723,-0.067
0.724,-0.072
0.725,-0.078
0.726,-0.083
0.727,-0.089
0.728,-0.095
0.729,-0.102
0.730,-0.108
0.731,-0.115
0.732,-0.122
0.733,-0.128
0.734,-0.136
0.735,-0.143
0.736,-0.150
0.737,-0.158
0.738,-0.166
0.739,-0.174
0.740,-0.182
0.741,-0.190
0.742,-0.198
0.743,-0.207
0.744,-0.215
0.745,-0.224
0.746,-0.233
0.747,-0.242
0.748,-0.251
0.749,-0.260
0.750,-0.270
0.751,-0.279
0.752,-0.289
0.753,-0.298
0.754,-0.308
0.755,-0.318
0.756,-0.328
0.757,-0.338
0.758,-0.348
0.759,-0.358
0.760,-0.369
0.761,-0.379
0.762,-0.389
0.763,-0.400
0.764,-0.411
0.765,-0.421
0.766,-0.432
0.767,-0.443
0.768,-0.454
0.769,-0.465
0.770,-0.476
0.771,-0.487
0.772,-0.498
0.773,-0.509
0.774,-0.521
0.775,-0.532
0.776,-0.543
0.777,-0.555
0.778,-0.566
0.779,-0.578
0.780,-0.590
0.781,-0.601
0.782,-0.613
0.783,-0.625
0.784,-0.637
0.785,-0.648
0.786,-0.660
0.787,-0.672
0.788,-0.684
0.789,-0.696
0.790,-0.709
0.791,-0.721
0.792,-0.733
0.793,-0.745
0.794,-0.757
0.795,-0.770
0.796,-0.782
0.797,-0.794
0.798,-0.807
0.799,-0.819
0.800,-0.832
0.801,-0.844
0.802,-0.857
0.803,-0.869
0.804,-0.882
0.805,-0.895
0.806,-0.907
0.807,-0.920
0.808,-0.933
0.809,-0.945
0.810,-0.958
0.811,-0.971
0.812,-0.984
0.813,-0.997
0.814,-1.010
0.815,-1.023
0.816,-1.036
0.817,-1.049
0.818,-1.062
0.819,-1.075
0.820,-1.088
0.821,-1.016
0.822,-0.900
0.823,-0.753
0.824,-0.584
0.825,-0.400
0.826,-0.205
0.827,-0.004
0.828,0.202
0.829,0.409
0.830,0.617
0.831,0.822
0.832,1.025
0.833,1.223
0.834,1.417
0.835,1.606
0.836,1.788
0.837,1.931
0.838,2.038
0.839,2.115
0.840,2.165
0.841,2.192
0.842,2.199
0.843,2.189
0.844,2.165
0.845,2.128
0.846,2.080
0.847,2.024
0.848,1.960
0.849,1.890
0.850,1.816
0.851,1.738
0.852,1.658
0.853,1.575
0.854,1.492
0.855,1.408
0.856,1.325
0.857,1.242
0.858,1.161
0.859,1.081
0.860,1.002
0.861,0.926
0.862,0.852
0.863,0.781
0.864,0.712
0.865,0.647
0.866,0.584
0.867,0.524
0.868,0.466
0.869,0.412
0.870,0.361
0.871,0.313
0.872,0.267
0.873,0.225
0.874,0.185
0.875,0.148
0.876,0.114
0.877,0.083
0.878,0.054
0.879,0.027
0.880,0.003
0.881,-0.019
0.882,-0.039
0.883,-0.057
0.884,-0.072
0.885,-0.086
0.886,-0.098
0.887,-0.109
0.888,-0.118
0.889,-0.125
0.890,-0.131
0.891,-0.136
0.892,-0.139
0.893,-0.142
0.894,-0.143
0.895,-0.143
0.896,-0.142
0.897,-0.141
0.898,-0.139
0.899,-0.136
0.900,-0.132
0.901,-0.128
0.902,-0.124
0.903,-0.119
0.904,-0.114
0.905,-0.108
0.906,-0.102
0.907,-0.096
0.908,-0.090
0.909,-0.083
0.910,-0.077
0.911,-0.070
0.912,-0.064
0.913,-0.057
0.914,-0.051
0.915,-0.044
0.916,-0.038
0.917,-0.031
0.918,-0.025
0.919,-0.019
0.920,-0.014
0.921,-0.008
0.922,-0.003
0.923,0.002
0.924,0.007
0.925,0.012
0.926,0.016
0.927,0.020
0.928,0.024
0.929,0.028
0.930,0.031
0.931,0.034
0.932,0.037
0.933,0.039
0.934,0.041
0.935,0.043
0.936,0.044
0.937,0.045
0.938,0.046
0.939,0.046
0.940,0.046
0.941,0.046
0.942,0.046
0.943,0.045
0.944,0.044
0.945,0.043
0.946,0.041
0.947,0.039
0.948,0.037
0.949,0.034
0.950,0.032
0.951,0.028
0.952,0.025
0.953,0.022
0.954,0.018
0.955,0.014
0.956,0.009
0.957,0.005
0.958,0.000
0.959,-0.005
0.960,-0.010
0.961,-0.016
0.962,-0.021
0.963,-0.027
0.964,-0.033
0.965,-0.040
0.966,-0.046
0.967,-0.053
0.968,-0.060
0.969,-0.067
0.970,-0.074
0.971,-0.081
0.972,-0.089
0.973,-0.097
0.974,-0.104
0.975,-0.113
0.976,-0.121
0.977,-0.129
0.978,-0.137
0.979,-0.146
0.980,-0.155
0.981,-0.164
0.982,-0.173
0.983,-0.182
0.984,-0.191
0.985,-0.200
0.986,-0.210
0.987,-0.219
0.988,-0.229
0.989,-0.238
0.990,-0.248
0.991,-0.258
0.992,-0.268
0.993,-0.278
0.994,-0.289
0.995,-0.299
0.996,-0.309
0.997,-0.320
0.998,-0.330
0.999,-0.341
1.000,-0.351
1.001,-0.362
1.002,-0.373
1.003,-0.384
1.004,-0.395
1.005,-0.406
1.006,-0.417
1.007,-0.428
1.008,-0.439
1.009,-0.451
1.010,-0.462
1.011,-0.473
1.012,-0.485
1.013,-0.496
1.014,-0.508
1.015,-0.519
1.016,-0.531
1.017,-0.543
1.018,-0.554
1.019,-0.566
1.020,-0.578
1.021,-0.590
1.022,-0.602
1.023,-0.614
1.024,-0.626
1.025,-0.638
1.026,-0.650
1.027,-0.662
1.028,-0.674
1.029,-0.686
1.030,-0.699
1.031,-0.711
1.032,-0.723
1.033,-0.736
1.034,-0.748
1.035,-0.760
1.036,-0.773
1.037,-0.785
1.038,-0.798
1.039,-0.810
1.040,-0.823
1.041,-0.836
1.042,-0.848
1.043,-0.861
1.044,-0.874
1.045,-0.886
1.046,-0.899
1.047,-0.912
1.048,-0.925
1.049,-0.938
1.050,-0.951
1.051,-0.963
1.052,-0.976
1.053,-0.989
1.054,-1.002
1.055,-1.015
1.056,-1.029
1.057,-1.042
1.058,-1.055
1.059,-1.068
1.060,-1.081
1.061,-1.094
1.062,-1.108
1.063,-1.121
1.064,-1.049
1.065,-0.932
1.066,-0.785
1.067,-0.616
1.068,-0.431
1.069,-0.237
1.070,-0.035
1.071,0.171
1.072,0.379
1.073,0.586
1.074,0.791
1.075,0.994
1.076,1.193
1.077,1.387
1.078,1.575
1.079,1.758
1.080,1.900
1.081,2.007
1.082,2.084
1.083,2.134
1.084,2.161
1.085,2.168
1.086,2.158
1.087,2.134
1.088,2.097
1.089,2.049
1.090,1.992
1.091,1.928
1.092,1.859
1.093,1.784
1.094,1.706
1.095,1.626
1.096,1.543
1.097,1.460
1.098,1.376
1.099,1.293
1.100,1.210
1.101,1.128
1.102,1.048
1.103,0.970
1.104,0.893
1.105,0.819
1.106,0.748
1.107,0.679
1.108,0.613
1.109,0.550
1.110,0.490
1.111,0.433
1.112,0.379
1.113,0.327
1.114,0.279
1.115,0.233
1.116,0.191
1.117,0.151
1.118,0.114
1.119,0.080
1.120,0.048
1.121,0.019
1.122,-0.007
1.123,-0.032
1.124,-0.054
1.125,-0.074
1.126,-0.091
1.127,-0.107
1.128,-0.121
1.129,-0.133
1.130,-0.144
1.131,-0.153
1.132,-0.160
1.133,-0.166
1.134,-0.171
1.135,-0.174
1.136,-0.177
1.137,-0.178
1.138,-0.178
1.139,-0.178
1.140,-0.176
1.141,-0.174
1.142,-0.171
1.143,-0.168
1.144,-0.164
1.145,-0.160
1.146,-0.155
1.147,-0.149
1.148,-0.144
1.149,-0.138
1.150,-0.132
1.151,-0.126
1.152,-0.119
1.153,-0.113
1.154,-0.106
1.155,-0.100
1.156,-0.093
1.157,-0.087
1.158,-0.080
1.159,-0.074
1.160,-0.068
1.161,-0.062
1.162,-0.056
1.163,-0.050
1.164,-0.044
1.165,-0.039
1.166,-0.034
1.167,-0.029
1.168,-0.025
1.169,-0.020
1.170,-0.016
1.171,-0.012
1.172,-0.009
1.173,-0.006
1.174,-0.003
1.175,-0.000
1.176,0.002
1.177,0.004
1.178,0.006
1.179,0.007
1.180,0.008
1.181,0.009
1.182,0.009
1.183,0.009
1.184,0.009
1.185,0.009
1.186,0.008
1.187,0.007
1.188,0.005
1.189,0.004
1.190,0.002
1.191,-0.000
1.192,-0.003
1.193,-0.006
1.194,-0.009
1.195,-0.012
1.196,-0.016
1.197,-0.020
1.198,-0.024
1.199,-0.028
1.200,-0.033
1.201,-0.038
1.202,-0.043
1.203,-0.048
1.204,-0.053
1.205,-0.059
1.206,-0.065
1.207,-0.071
1.208,-0.078
1.209,-0.084
1.210,-0.091
1.211,-0.098
1.212,-0.105
1.213,-0.112
1.214,-0.120
1.215,-0.127
1.216,-0.135
1.217,-0.143
1.218,-0.151
1.219,-0.159
1.220,-0.167
1.221,-0.176
1.222,-0.185
1.223,-0.193
1.224,-0.202
1.225,-0.211
1.226,-0.220
1.227,-0.230
1.228,-0.239
1.229,-0.248
1.230,-0.258
1.231,-0.268
1.232,-0.278
1.233,-0.287
1.234,-0.297
1.235,-0.307
1.236,-0.318
1.237,-0.328
1.238,-0.338
1.239,-0.349
1.240,-0.359
1.241,-0.370
1.242,-0.380
1.243,-0.391
1.244,-0.402
1.245,-0.413
1.246,-0.424
1.247,-0.435
1.248,-0.446
1.249,-0.457
1.250,-0.468
1.251,-0.479
1.252,-0.491
1.253,-0.502
1.254,-0.514
1.255,-0.525
1.256,-0.537
1.257,-0.548
1.258,-0.560
1.259,-0.572
1.260,-0.583
1.261,-0.595
1.262,-0.607
1.263,-0.619
1.264,-0.631
1.265,-0.643
1.266,-0.655
1.267,-0.667
1.268,-0.679
1.269,-0.691
1.270,-0.703
1.271,-0.716
1.272,-0.728
1.273,-0.740
1.274,-0.752
1.275,-0.765
1.276,-0.777
1.277,-0.790
1.278,-0.802
1.279,-0.815
1.280,-0.827
1.281,-0.840
1.282,-0.853
1.283,-0.865
1.284,-0.878
1.285,-0.891
1.286,-0.903
1.287,-0.916
1.288,-0.929
1.289,-0.942
1.290,-0.955
1.291,-0.968
1.292,-0.981
1.293,-0.994
1.294,-1.007
1.295,-1.020
1.296,-1.033
1.297,-1.046
1.298,-1.059
1.299,-0.987
1.300,-0.870
1.301,-0.723
1.302,-0.555
1.303,-0.371
1.304,-0.176
1.305,0.025
1.306,0.231
1.307,0.439
1.308,0.646
1.309,0.851
1.310,1.054
1.311,1.252
1.312,1.446
1.313,1.635
1.314,1.784
1.315,1.898
1.316,1.982
1.317,2.039
1.318,2.073
1.319,2.088
1.320,2.085
1.321,2.067
1.322,2.037
1.323,1.996
1.324,1.946
1.325,1.888
1.326,1.824
1.327,1.755
1.328,1.682
1.329,1.606
1.330,1.528
1.331,1.449
1.332,1.369
1.333,1.289
1.334,1.209
1.335,1.130
1.336,1.053
1.337,0.977
1.338,0.902
1.339,0.830
1.340,0.761
1.341,0.693
1.342,0.629
1.343,0.566
1.344,0.507
1.345,0.450
1.346,0.397
1.347,0.346
1.348,0.297
1.349,0.252
1.350,0.209
1.351,0.170
1.352,0.132
1.353,0.098
1.354,0.065
1.355,0.036
1.356,0.008
1.357,-0.017
1.358,-0.039
1.359,-0.060
1.360,-0.079
1.361,-0.096
1.362,-0.111
1.363,-0.124
1.364,-0.135
1.365,-0.145
1.366,-0.154
1.367,-0.161
1.368,-0.167
1.369,-0.171
1.370,-0.175
1.371,-0.177
1.372,-0.179
1.373,-0.179
1.374,-0.179
1.375,-0.178
1.376,-0.176
1.377,-0.174
1.378,-0.171
1.379,-0.168
1.380,-0.164
1.381,-0.160
1.382,-0.155
1.383,-0.150
1.384,-0.145
1.385,-0.140
1.386,-0.134
1.387,-0.129
1.388,-0.123
1.389,-0.117
1.390,-0.112
1.391,-0.106
1.392,-0.100
1.393,-0.095
1.394,-0.089
1.395,-0.084
1.396,-0.079
1.397,-0.074
1.398,-0.069
1.399,-0.064
1.400,-0.060
1.401,-0.055
1.402,-0.051
1.403,-0.048
1.404,-0.044
1.405,-0.041
1.406,-0.038
1.407,-0.035
1.408,-0.033
1.409,-0.031
1.410,-0.029
1.411,-0.027
1.412,-0.026
1.413,-0.025
1.414,-0.024
1.415,-0.024
1.416,-0.024
1.417,-0.024
1.418,-0.025
1.419,-0.026
1.420,-0.027
1.421,-0.028
1.422,-0.030
1.423,-0.032
1.424,-0.034
1.425,-0.036
1.426,-0.039
1.427,-0.042
1.428,-0.046
1.429,-0.049
1.430,-0.053
1.431,-0.057
1.432,-0.061
1.433,-0.066
1.434,-0.071
1.435,-0.076
1.436,-0.081
1.437,-0.086
1.438,-0.092
1.439,-0.098
1.440,-0.104
1.441,-0.110
1.442,-0.117
1.443,-0.123
1.444,-0.130
1.445,-0.137
1.446,-0.144
1.447,-0.152
1.448,-0.159
1.449,-0.167
1.450,-0.175
1.451,-0.183
1.452,-0.191
1.453,-0.199
1.454,-0.208
1.455,-0.216
1.456,-0.225
1.457,-0.234
1.458,-0.243
1.459,-0.252
1.460,-0.261
1.461,-0.270
1.462,-0.280
1.463,-0.289
1.464,-0.299
1.465,-0.309
1.466,-0.319
1.467,-0.329
1.468,-0.339
1.469,-0.349
1.470,-0.359
1.471,-0.369
1.472,-0.380
1.473,-0.390
1.474,-0.401
1.475,-0.412
1.476,-0.422
1.477,-0.433
1.478,-0.444
1.479,-0.455
1.480,-0.466
1.481,-0.477
1.482,-0.488
1.483,-0.499
1.484,-0.511
1.485,-0.522
1.486,-0.533
1.487,-0.545
1.488,-0.556
1.489,-0.568
1.490,-0.579
1.491,-0.591
1.492,-0.603
1.493,-0.615
1.494,-0.626
1.495,-0.638
1.496,-0.650
1.497,-0.662
1.498,-0.674
1.499,-0.686
1.500,-0.698
1.501,-0.710
1.502,-0.723
1.503,-0.735
1.504,-0.747
1.505,-0.759
1.506,-0.772
1.507,-0.784
1.508,-0.796
1.509,-0.809
1.510,-0.821
1.511,-0.834
1.512,-0.846
1.513,-0.859
1.514,-0.872
1.515,-0.884
1.516,-0.897
1.517,-0.910
1.518,-0.923
1.519,-0.935
1.520,-0.948
1.521,-0.961
1.522,-0.974
1.523,-0.987
1.524,-1.000
1.525,-1.013
1.526,-0.941
1.527,-0.825
1.528,-0.678
1.529,-0.510
1.530,-0.326
1.531,-0.131
1.532,0.070
1.533,0.276
1.534,0.483
1.535,0.690
1.536,0.896
1.537,1.098
1.538,1.297
1.539,1.490
1.540,1.645
1.541,1.766
1.542,1.857
1.543,1.922
1.544,1.963
1.545,1.985
1.546,1.989
1.547,1.979
1.548,1.955
1.549,1.921
1.550,1.877
1.551,1.825
1.552,1.767
1.553,1.703
1.554,1.636
1.555,1.565
1.556,1.492
1.557,1.417
1.558,1.341
1.559,1.264
1.560,1.188
1.561,1.112
1.562,1.038
1.563,0.964
1.564,0.892
1.565,0.822
1.566,0.755
1.567,0.689
1.568,0.625
1.569,0.565
1.570,0.506
1.571,0.450
1.572,0.397
1.573,0.347
1.574,0.299
1.575,0.254
1.576,0.211
1.577,0.171
1.578,0.134
1.579,0.099
1.580,0.066
1.581,0.036
1.582,0.008
1.583,-0.018
1.584,-0.041
1.585,-0.063
1.586,-0.082
1.587,-0.100
1.588,-0.116
1.589,-0.130
1.590,-0.143
1.591,-0.154
1.592,-0.163
1.593,-0.171
1.594,-0.178
1.595,-0.184
1.596,-0.189
1.597,-0.192
1.598,-0.195
1.599,-0.196
1.600,-0.197
1.601,-0.197
1.602,-0.197
1.603,-0.196
1.604,-0.194
1.605,-0.191
1.606,-0.189
1.607,-0.185
1.608,-0.182
1.609,-0.178
1.610,-0.174
1.611,-0.170
1.612,-0.165
1.613,-0.161
1.614,-0.156
1.615,-0.151
1.616,-0.146
1.617,-0.141
1.618,-0.137
1.619,-0.132
1.620,-0.127
1.621,-0.123
1.622,-0.118
1.623,-0.114
1.624,-0.110
1.625,-0.106
1.626,-0.102
1.627,-0.098
1.628,-0.095
1.629,-0.092
1.630,-0.089
1.631,-0.086
1.632,-0.084
1.633,-0.082
1.634,-0.080
1.635,-0.078
1.636,-0.077
1.637,-0.076
1.638,-0.075
1.639,-0.074
1.640,-0.074
1.641,-0.074
1.642,-0.074
1.643,-0.075
1.644,-0.076
1.645,-0.077
1.646,-0.079
1.647,-0.080
1.648,-0.082
1.649,-0.084
1.650,-0.087
1.651,-0.090
1.652,-0.093
1.653,-0.096
1.654,-0.100
1.655,-0.104
1.656,-0.108
1.657,-0.112
1.658,-0.116
1.659,-0.121
1.660,-0.126
1.661,-0.131
1.662,-0.137
1.663,-0.142
1.664,-0.148
1.665,-0.154
1.666,-0.161
1.667,-0.167
1.668,-0.174
1.669,-0.180
1.670,-0.187
1.671,-0.195
1.672,-0.202
1.673,-0.209
1.674,-0.217
1.675,-0.225
1.676,-0.233
1.677,-0.241
1.678,-0.249
1.679,-0.258
1.680,-0.266
1.681,-0.275
1.682,-0.284
1.683,-0.293
1.684,-0.302
1.685,-0.311
1.686,-0.320
1.687,-0.330
1.688,-0.339
1.689,-0.349
1.690,-0.359
1.691,-0.369
1.692,-0.379
1.693,-0.389
1.694,-0.399
1.695,-0.409
1.696,-0.419
1.697,-0.430
1.698,-0.440
1.699,-0.451
1.700,-0.462
1.701,-0.472
1.702,-0.483
1.703,-0.494
1.704,-0.505
1.705,-0.516
1.706,-0.527
1.707,-0.538
1.708,-0.550
1.709,-0.561
1.710,-0.572
1.711,-0.584
1.712,-0.595
1.713,-0.607
1.714,-0.618
1.715,-0.630
1.716,-0.642
1.717,-0.653
1.718,-0.665
1.719,-0.677
1.720,-0.689
1.721,-0.701
1.722,-0.713
1.723,-0.725
1.724,-0.737
1.725,-0.749
1.726,-0.761
1.727,-0.774
1.728,-0.786
1.729,-0.798
1.730,-0.810
1.731,-0.823
1.732,-0.835
1.733,-0.848
1.734,-0.860
1.735,-0.873
1.736,-0.885
1.737,-0.898
1.738,-0.911
1.739,-0.923
1.740,-0.936
1.741,-0.949
1.742,-0.878
1.743,-0.762
1.744,-0.615
1.745,-0.447
1.746,-0.264
1.747,-0.070
1.748,0.132
1.749,0.337
1.750,0.544
1.751,0.751
1.752,0.957
1.753,1.159
1.754,1.357
1.755,1.551
1.756,1.706
1.757,1.827
1.758,1.918
1.759,1.983
1.760,2.024
1.761,2.046
1.762,2.051
1.763,2.040
1.764,2.017
1.765,1.982
1.766,1.939
1.767,1.887
1.768,1.829
1.769,1.766
1.770,1.698
1.771,1.627
1.772,1.554
1.773,1.479
1.774,1.404
1.775,1.327
1.776,1.251
1.777,1.176
1.778,1.101
1.779,1.028
1.780,0.957
1.781,0.887
1.782,0.819
1.783,0.753
1.784,0.690
1.785,0.629
1.786,0.571
1.787,0.516
1.788,0.463
1.789,0.412
1.790,0.365
1.791,0.320
1.792,0.277
1.793,0.237
1.794,0.200
1.795,0.165
1.796,0.133
1.797,0.103
1.798,0.075
1.799,0.049
1.800,0.026
1.801,0.004
1.802,-0.015
1.803,-0.033
1.804,-0.048
1.805,-0.062
1.806,-0.075
1.807,-0.086
1.808,-0.095
1.809,-0.103
1.810,-0.110
1.811,-0.116
1.812,-0.120
1.813,-0.124
1.814,-0.126
1.815,-0.128
1.816,-0.129
1.817,-0.129
1.818,-0.128
1.819,-0.127
1.820,-0.125
1.821,-0.122
1.822,-0.120
1.823,-0.116
1.824,-0.113
1.825,-0.109
1.826,-0.105
1.827,-0.100
1.828,-0.096
1.829,-0.091
1.830,-0.086
1.831,-0.081
1.832,-0.076
1.833,-0.072
1.834,-0.067
1.835,-0.062
1.836,-0.057
1.837,-0.053
1.838,-0.048
1.839,-0.044
1.840,-0.039
1.841,-0.035
1.842,-0.032
1.843,-0.028
1.844,-0.024
1.845,-0.021
1.846,-0.018
1.847,-0.016
1.848,-0.013
1.849,-0.011
1.850,-0.009
1.851,-0.007
1.852,-0.006
1.853,-0.005
1.854,-0.004
1.855,-0.003
1.856,-0.003
1.857,-0.003
1.858,-0.003
1.859,-0.004
1.860,-0.004
1.861,-0.005
1.862,-0.007
1.863,-0.009
1.864,-0.010
1.865,-0.013
1.866,-0.015
1.867,-0.018
1.868,-0.021
1.869,-0.024
1.870,-0.027
1.871,-0.031
1.872,-0.035
1.873,-0.039
1.874,-0.044
1.875,-0.049
1.876,-0.053
1.877,-0.059
1.878,-0.064
1.879,-0.069
1.880,-0.075
1.881,-0.081
1.882,-0.087
1.883,-0.094
1.884,-0.100
1.885,-0.107
1.886,-0.114
1.887,-0.121
1.888,-0.128
1.889,-0.136
1.890,-0.143
1.891,-0.151
1.892,-0.159
1.893,-0.167
1.894,-0.175
1.895,-0.183
1.896,-0.192
1.897,-0.200
1.898,-0.209
1.899,-0.218
1.900,-0.227
1.901,-0.236
1.902,-0.245
1.903,-0.255
1.904,-0.264
1.905,-0.274
1.906,-0.283
1.907,-0.293
1.908,-0.303
1.909,-0.313
1.910,-0.323
1.911,-0.333
1.912,-0.343
1.913,-0.354
1.914,-0.364
1.915,-0.375
1.916,-0.385
1.917,-0.396
1.918,-0.406
1.919,-0.417
1.920,-0.428
1.921,-0.439
1.922,-0.450
1.923,-0.461
1.924,-0.472
1.925,-0.483
1.926,-0.495
1.927,-0.506
1.928,-0.517
1.929,-0.529
1.930,-0.540
1.931,-0.552
1.932,-0.563
1.933,-0.575
1.934,-0.587
1.935,-0.598
1.936,-0.610
1.937,-0.622
1.938,-0.634
1.939,-0.646
1.940,-0.658
1.941,-0.670
1.942,-0.682
1.943,-0.694
1.944,-0.706
1.945,-0.718
1.946,-0.730
1.947,-0.743
1.948,-0.755
1.949,-0.767
1.950,-0.780
1.951,-0.792
1.952,-0.805
1.953,-0.817
1.954,-0.830
1.955,-0.842
1.956,-0.855
1.957,-0.867
1.958,-0.880
1.959,-0.893
1.960,-0.905
1.961,-0.918
1.962,-0.931
1.963,-0.944
1.964,-0.957
1.965,-0.969
1.966,-0.982
1.967,-0.995
1.968,-1.008
1.969,-1.021
1.970,-1.034
1.971,-1.047
1.972,-1.060
1.973,-1.074
1.974,-1.002
1.975,-0.885
1.976,-0.738
1.977,-0.570
1.978,-0.386
1.979,-0.191
1.980,0.011
1.981,0.216
1.982,0.424
1.983,0.631
1.984,0.837
1.985,1.039
1.986,1.238
1.987,1.432
1.988,1.620
1.989,1.769
1.990,1.883
1.991,1.967
1.992,2.024
1.993,2.059
1.994,2.073
1.995,2.070
1.996,2.053
1.997,2.022
1.998,1.981
1.999,1.931
2.000,1.873
2.001,1.809
2.002,1.740
2.003,1.667
2.004,1.591
2.005,1.513
2.006,1.434
2.007,1.354
2.008,1.274
2.009,1.194
2.010,1.115
2.011,1.038
2.012,0.962
2.013,0.888
2.014,0.816
2.015,0.746
2.016,0.678
2.017,0.614
2.018,0.551
2.019,0.492
2.020,0.435
2.021,0.382
2.022,0.331
2.023,0.282
2.024,0.237
2.025,0.194
2.026,0.155
2.027,0.117
2.028,0.083
2.029,0.050
2.030,0.021
2.031,-0.007
2.032,-0.032
2.033,-0.055
2.034,-0.075
2.035,-0.094
2.036,-0.111
2.037,-0.126
2.038,-0.139
2.039,-0.151
2.040,-0.161
2.041,-0.169
2.042,-0.176
2.043,-0.182
2.044,-0.187
2.045,-0.190
2.046,-0.193
2.047,-0.194
2.048,-0.195
2.049,-0.194
2.050,-0.193
2.051,-0.192
2.052,-0.189
2.053,-0.186
2.054,-0.183
2.055,-0.179
2.056,-0.175
2.057,-0.170
2.058,-0.165
2.059,-0.160
2.060,-0.155
2.061,-0.150
2.062,-0.144
2.063,-0.138
2.064,-0.133
2.065,-0.127
2.066,-0.121
2.067,-0.116
2.068,-0.110
2.069,-0.105
2.070,-0.099
2.071,-0.094
2.072,-0.089
2.073,-0.084
2.074,-0.080
2.075,-0.075
2.076,-0.071
2.077,-0.067
2.078,-0.063
2.079,-0.060
2.080,-0.057
2.081,-0.054
2.082,-0.051
2.083,-0.049
2.084,-0.047
2.085,-0.045
2.086,-0.043
2.087,-0.042
2.088,-0.041
2.089,-0.040
2.090,-0.040
2.091,-0.040
2.092,-0.040
2.093,-0.041
2.094,-0.042
2.095,-0.043
2.096,-0.044
2.097,-0.046
2.098,-0.048
2.099,-0.050
2.100,-0.053
2.101,-0.055
2.102,-0.058
2.103,-0.062
2.104,-0.065
2.105,-0.069
2.106,-0.073
2.107,-0.078
2.108,-0.082
2.109,-0.087
2.110,-0.092
2.111,-0.097
2.112,-0.103
2.113,-0.108
2.114,-0.114
2.115,-0.120
2.116,-0.127
2.117,-0.133
2.118,-0.140
2.119,-0.147
2.120,-0.154
2.121,-0.161
2.122,-0.168
2.123,-0.176
2.124,-0.184
2.125,-0.192
2.126,-0.200
2.127,-0.208
2.128,-0.216
2.129,-0.225
2.130,-0.233
2.131,-0.242
2.132,-0.251
2.133,-0.260
2.134,-0.269
2.135,-0.278
2.136,-0.287
2.137,-0.297
2.138,-0.307
2.139,-0.316
2.140,-0.326
2.141,-0.336
2.142,-0.346
2.143,-0.356
2.144,-0.366
2.145,-0.376
2.146,-0.387
2.147,-0.397
2.148,-0.408
2.149,-0.418
2.150,-0.429
2.151,-0.440
2.152,-0.451
2.153,-0.461
2.154,-0.472
2.155,-0.484
2.156,-0.495
2.157,-0.506
2.158,-0.517
2.159,-0.528
2.160,-0.540
2.161,-0.551
2.162,-0.563
2.163,-0.574
2.164,-0.586
2.165,-0.597
2.166,-0.609
2.167,-0.621
2.168,-0.633
2.169,-0.644
2.170,-0.656
2.171,-0.668
2.172,-0.680
2.173,-0.692
2.174,-0.704
2.175,-0.716
2.176,-0.729
2.177,-0.741
2.178,-0.753
2.179,-0.765
2.180,-0.778
2.181,-0.790
2.182,-0.802
2.183,-0.815
2.184,-0.827
2.185,-0.840
2.186,-0.852
2.187,-0.865
2.188,-0.878
2.189,-0.890
2.190,-0.903
2.191,-0.916
2.192,-0.929
2.193,-0.941
2.194,-0.954
2.195,-0.967
2.196,-0.980
2.197,-0.908
2.198,-0.792
2.199,-0.646
2.200,-0.477
2.201,-0.294
2.202,-0.099
2.203,0.102
2.204,0.308
2.205,0.515
2.206,0.722
2.207,0.927
2.208,1.130
2.209,1.328
2.210,1.522
2.211,1.677
2.212,1.798
2.213,1.889
2.214,1.953
2.215,1.995
2.216,2.017
2.217,2.021
2.218,2.011
2.219,1.987
2.220,1.953
2.221,1.909
2.222,1.857
2.223,1.799
2.224,1.736
2.225,1.668
2.226,1.597
2.227,1.524
2.228,1.449
2.229,1.373
2.230,1.297
2.231,1.221
2.232,1.145
2.233,1.070
2.234,0.997
2.235,0.925
2.236,0.855
2.237,0.788
2.238,0.722
2.239,0.659
2.240,0.598
2.241,0.539
2.242,0.484
2.243,0.431
2.244,0.380
2.245,0.332
2.246,0.287
2.247,0.245
2.248,0.205
2.249,0.167
2.250,0.132
2.251,0.100
2.252,0.070
2.253,0.042
2.254,0.016
2.255,-0.007
2.256,-0.029
2.257,-0.048
2.258,-0.066
2.259,-0.082
2.260,-0.096
2.261,-0.108
2.262,-0.119
2.263,-0.129
2.264,-0.137
2.265,-0.144
2.266,-0.149
2.267,-0.154
2.268,-0.157
2.269,-0.160
2.270,-0.162
2.271,-0.162
2.272,-0.162
2.273,-0.162
2.274,-0.161
2.275,-0.159
2.276,-0.156
2.277,-0.154
2.278,-0.150
2.279,-0.147
2.280,-0.143
2.281,-0.139
2.282,-0.134
2.283,-0.130
2.284,-0.125
2.285,-0.120
2.286,-0.116
2.287,-0.111
2.288,-0.106
2.289,-0.101
2.290,-0.096
2.291,-0.092
2.292,-0.087
2.293,-0.083
2.294,-0.078
2.295,-0.074
2.296,-0.070
2.297,-0.066
2.298,-0.063
2.299,-0.059
2.300,-0.056
2.301,-0.053
2.302,-0.050
2.303,-0.048
2.304,-0.046
2.305,-0.044
2.306,-0.042
2.307,-0.041
2.308,-0.040
2.309,-0.039
2.310,-0.038
2.311,-0.038
2.312,-0.038
2.313,-0.038
2.314,-0.039
2.315,-0.040
2.316,-0.041
2.317,-0.042
2.318,-0.044
2.319,-0.046
2.320,-0.048
2.321,-0.050
2.322,-0.053
2.323,-0.056
2.324,-0.060
2.325,-0.063
2.326,-0.067
2.327,-0.071
2.328,-0.075
2.329,-0.080
2.330,-0.084
2.331,-0.089
2.332,-0.094
2.333,-0.100
2.334,-0.105
2.335,-0.111
2.336,-0.117
2.337,-0.123
2.338,-0.130
2.339,-0.136
2.340,-0.143
2.341,-0.150
2.342,-0.157
2.343,-0.164
2.344,-0.172
2.345,-0.180
2.346,-0.187
2.347,-0.195
2.348,-0.203
2.349,-0.212
2.350,-0.220
2.351,-0.228
2.352,-0.237
2.353,-0.246
2.354,-0.255
2.355,-0.264
2.356,-0.273
2.357,-0.282
2.358,-0.292
2.359,-0.301
2.360,-0.311
2.361,-0.320
2.362,-0.330
2.363,-0.340
2.364,-0.350
2.365,-0.360
2.366,-0.370
2.367,-0.381
2.368,-0.391
2.369,-0.402
2.370,-0.412
2.371,-0.423
2.372,-0.433
2.373,-0.444
2.374,-0.455
2.375,-0.466
2.376,-0.477
2.377,-0.488
2.378,-0.499
2.379,-0.510
2.380,-0.521
2.381,-0.533
2.382,-0.544
2.383,-0.556
2.384,-0.567
2.385,-0.579
2.386,-0.590
2.387,-0.602
2.388,-0.613
2.389,-0.625
2.390,-0.637
2.391,-0.649
2.392,-0.661
2.393,-0.673
2.394,-0.685
2.395,-0.697
2.396,-0.709
2.397,-0.721
2.398,-0.733
2.399,-0.745
2.400,-0.757
2.401,-0.770
2.402,-0.782
2.403,-0.794
2.404,-0.807
2.405,-0.819
2.406,-0.832
2.407,-0.844
2.408,-0.857
2.409,-0.869
2.410,-0.882
2.411,-0.895
2.412,-0.907
2.413,-0.920
2.414,-0.933
2.415,-0.946
2.416,-0.958
2.417,-0.971
2.418,-0.984
2.419,-0.997
2.420,-1.010
2.421,-0.938
2.422,-0.822
2.423,-0.676
2.424,-0.507
2.425,-0.323
2.426,-0.129
2.427,0.073
2.428,0.278
2.429,0.485
2.430,0.692
2.431,0.898
2.432,1.100
2.433,1.299
2.434,1.493
2.435,1.648
2.436,1.768
2.437,1.859
2.438,1.924
2.439,1.966
2.440,1.987
2.441,1.992
2.442,1.981
2.443,1.958
2.444,1.923
2.445,1.879
2.446,1.828
2.447,1.769
2.448,1.706
2.449,1.638
2.450,1.567
2.451,1.494
2.452,1.419
2.453,1.343
2.454,1.267
2.455,1.191
2.456,1.115
2.457,1.040
2.458,0.967
2.459,0.895
2.460,0.825
2.461,0.757
2.462,0.692
2.463,0.628
2.464,0.567
2.465,0.509
2.466,0.453
2.467,0.400
2.468,0.350
2.469,0.302
2.470,0.257
2.471,0.214
2.472,0.174
2.473,0.137
2.474,0.102
2.475,0.069
2.476,0.039
2.477,0.011
2.478,-0.015
2.479,-0.038
2.480,-0.060
2.481,-0.079
2.482,-0.097
2.483,-0.113
2.484,-0.127
2.485,-0.140
2.486,-0.151
2.487,-0.160
2.488,-0.168
2.489,-0.175
2.490,-0.181
2.491,-0.185
2.492,-0.189
2.493,-0.192
2.494,-0.193
2.495,-0.194
2.496,-0.194
2.497,-0.194
2.498,-0.192
2.499,-0.190
2.500,-0.188
2.501,-0.185
2.502,-0.182
2.503,-0.179
2.504,-0.175
2.505,-0.171
2.506,-0.166
2.507,-0.162
2.508,-0.157
2.509,-0.153
2.510,-0.148
2.511,-0.143
2.512,-0.138
2.513,-0.133
2.514,-0.129
2.515,-0.124
2.516,-0.119
2.517,-0.115
2.518,-0.111
2.519,-0.106
2.520,-0.102
2.521,-0.099
2.522,-0.095
2.523,-0.092
2.524,-0.089
2.525,-0.086
2.526,-0.083
2.527,-0.080
2.528,-0.078
2.529,-0.076
2.530,-0.075
2.531,-0.073
2.532,-0.072
2.533,-0.072
2.534,-0.071
2.535,-0.071
2.536,-0.071
2.537,-0.071
2.538,-0.072
2.539,-0.073
2.540,-0.074
2.541,-0.075
2.542,-0.077
2.543,-0.079
2.544,-0.081
2.545,-0.084
2.546,-0.086
2.547,-0.090
2.548,-0.093
2.549,-0.096
2.550,-0.100
2.551,-0.104
2.552,-0.109
2.553,-0.113
2.554,-0.118
2.555,-0.123
2.556,-0.128
2.557,-0.133
2.558,-0.139
2.559,-0.145
2.560,-0.151
2.561,-0.157
2.562,-0.164
2.563,-0.170
2.564,-0.177
2.565,-0.184
2.566,-0.191
2.567,-0.199
2.568,-0.206
2.569,-0.214
2.570,-0.222
2.571,-0.230
2.572,-0.238
2.573,-0.246
2.574,-0.254
2.575,-0.263
2.576,-0.272
2.577,-0.280
2.578,-0.289
2.579,-0.298
2.580,-0.308
2.581,-0.317
2.582,-0.326
2.583,-0.336
2.584,-0.346
2.585,-0.355
2.586,-0.365
2.587,-0.375
2.588,-0.385
2.589,-0.395
2.590,-0.406
2.591,-0.416
2.592,-0.426
2.593,-0.437
2.594,-0.447
2.595,-0.458
2.596,-0.469
2.597,-0.480
2.598,-0.491
2.599,-0.502
2.600,-0.513
2.601,-0.524
2.602,-0.535
2.603,-0.546
2.604,-0.557
2.605,-0.569
2.606,-0.580
2.607,-0.592
2.608,-0.603
2.609,-0.615
2.610,-0.626
2.611,-0.638
2.612,-0.650
2.613,-0.662
2.614,-0.674
2.615,-0.685
2.616,-0.697
2.617,-0.709
2.618,-0.721
2.619,-0.733
2.620,-0.746
2.621,-0.758
2.622,-0.770
2.623,-0.782
2.624,-0.795
2.625,-0.807
2.626,-0.819
2.627,-0.832
2.628,-0.844
2.629,-0.857
2.630,-0.869
2.631,-0.882
2.632,-0.894
2.633,-0.907
2.634,-0.920
2.635,-0.933
2.636,-0.945
2.637,-0.874
2.638,-0.758
2.639,-0.612
2.640,-0.444
2.641,-0.260
2.642,-0.066
2.643,0.135
2.644,0.341
2.645,0.548
2.646,0.755
2.647,0.960
2.648,1.163
2.649,1.361
2.650,1.555
2.651,1.710
2.652,1.831
2.653,1.922
2.654,1.986
2.655,2.028
2.656,2.050
2.657,2.054
2.658,2.044
2.659,2.020
2.660,1.986
2.661,1.942
2.662,1.891
2.663,1.833
2.664,1.769
2.665,1.702
2.666,1.631
2.667,1.558
2.668,1.483
2.669,1.407
2.670,1.331
2.671,1.255
2.672,1.180
2.673,1.105
2.674,1.032
2.675,0.960
2.676,0.891
2.677,0.823
2.678,0.757
2.679,0.694
2.680,0.633
2.681,0.575
2.682,0.519
2.683,0.466
2.684,0.416
2.685,0.368
2.686,0.323
2.687,0.281
2.688,0.241
2.689,0.204
2.690,0.169
2.691,0.136
2.692,0.106
2.693,0.079
2.694,0.053
2.695,0.030
2.696,0.008
2.697,-0.011
2.698,-0.029
2.699,-0.044
2.700,-0.059
2.701,-0.071
2.702,-0.082
2.703,-0.091
2.704,-0.099
2.705,-0.106
2.706,-0.112
2.707,-0.116
2.708,-0.120
2.709,-0.122
2.710,-0.124
2.711,-0.125
2.712,-0.125
2.713,-0.124
2.714,-0.123
2.715,-0.121
2.716,-0.118
2.717,-0.115
2.718,-0.112
2.719,-0.109
2.720,-0.105
2.721,-0.100
2.722,-0.096
2.723,-0.092
2.724,-0.087
2.725,-0.082
2.726,-0.077
2.727,-0.072
2.728,-0.067
2.729,-0.063
2.730,-0.058
2.731,-0.053
2.732,-0.048
2.733,-0.044
2.734,-0.039
2.735,-0.035
2.736,-0.031
2.737,-0.027
2.738,-0.024
2.739,-0.020
2.740,-0.017
2.741,-0.014
2.742,-0.011
2.743,-0.009
2.744,-0.007
2.745,-0.005
2.746,-0.003
2.747,-0.001
2.748,-0.000
2.749,0.001
2.750,0.001
2.751,0.002
2.752,0.002
2.753,0.001
2.754,0.001
2.755,-0.000
2.756,-0.001
2.757,-0.002
2.758,-0.004
2.759,-0.006
2.760,-0.008
2.761,-0.011
2.762,-0.013
2.763,-0.016
2.764,-0.020
2.765,-0.023
2.766,-0.027
2.767,-0.031
2.768,-0.035
2.769,-0.039
2.770,-0.044
2.771,-0.049
2.772,-0.054
2.773,-0.059
2.774,-0.065
2.775,-0.071
2.776,-0.077
2.777,-0.083
2.778,-0.089
2.779,-0.096
2.780,-0.102
2.781,-0.109
2.782,-0.116
2.783,-0.124
2.784,-0.131
2.785,-0.139
2.786,-0.146
2.787,-0.154
2.788,-0.162
2.789,-0.170
2.790,-0.179
2.791,-0.187
2.792,-0.196
2.793,-0.204
2.794,-0.213
2.795,-0.222
2.796,-0.231
2.797,-0.241
2.798,-0.250
2.799,-0.259
2.800,-0.269
2.801,-0.279
2.802,-0.288
2.803,-0.298
2.804,-0.308
2.805,-0.318
2.806,-0.328
2.807,-0.339
2.808,-0.349
2.809,-0.359
2.810,-0.370
2.811,-0.380
2.812,-0.391
2.813,-0.402
2.814,-0.412
2.815,-0.423
2.816,-0.434
2.817,-0.445
2.818,-0.456
2.819,-0.467
2.820,-0.478
2.821,-0.490
2.822,-0.501
2.823,-0.512
2.824,-0.524
2.825,-0.535
2.826,-0.547
2.827,-0.558
2.828,-0.570
2.829,-0.581
2.830,-0.593
2.831,-0.605
2.832,-0.617
2.833,-0.629
2.834,-0.641
2.835,-0.652
2.836,-0.664
2.837,-0.677
2.838,-0.689
2.839,-0.701
2.840,-0.713
2.841,-0.725
2.842,-0.737
2.843,-0.750
2.844,-0.762
2.845,-0.774
2.846,-0.787
2.847,-0.799
2.848,-0.812
2.849,-0.824
2.850,-0.837
2.851,-0.849
2.852,-0.862
2.853,-0.874
2.854,-0.887
2.855,-0.900
2.856,-0.913
2.857,-0.925
2.858,-0.938
2.859,-0.951
2.860,-0.964
2.861,-0.977
2.862,-0.990
2.863,-1.003
2.864,-1.016
2.865,-1.029
2.866,-1.042
2.867,-1.055
2.868,-1.068
2.869,-1.081
2.870,-1.009
2.871,-0.893
2.872,-0.746
2.873,-0.577
2.874,-0.393
2.875,-0.198
2.876,0.004
2.877,0.209
2.878,0.417
2.879,0.624
2.880,0.829
2.881,1.032
2.882,1.231
2.883,1.424
2.884,1.613
2.885,1.762
2.886,1.876
2.887,1.960
2.888,2.017
2.889,2.052
2.890,2.066
2.891,2.063
2.892,2.046
2.893,2.015
2.894,1.974
2.895,1.924
2.896,1.866
2.897,1.802
2.898,1.733
2.899,1.660
2.900,1.584
2.901,1.506
2.902,1.427
2.903,1.347
2.904,1.266
2.905,1.187
2.906,1.108
2.907,1.030
2.908,0.954
2.909,0.880
2.910,0.808
2.911,0.738
2.912,0.671
2.913,0.606
2.914,0.544
2.915,0.485
2.916,0.428
2.917,0.374
2.918,0.323
2.919,0.275
2.920,0.230
2.921,0.187
2.922,0.147
2.923,0.110
2.924,0.075
2.925,0.043
2.926,0.013
2.927,-0.014
2.928,-0.039
2.929,-0.062
2.930,-0.083
2.931,-0.101
2.932,-0.118
2.933,-0.133
2.934,-0.146
2.935,-0.158
2.936,-0.168
2.937,-0.177
2.938,-0.184
2.939,-0.190
2.940,-0.194
2.941,-0.198
2.942,-0.200
2.943,-0.202
2.944,-0.202
2.945,-0.202
2.946,-0.201
2.947,-0.199
2.948,-0.197
2.949,-0.194
2.950,-0.190
2.951,-0.187
2.952,-0.182
2.953,-0.178
2.954,-0.173
2.955,-0.168
2.956,-0.163
2.957,-0.157
2.958,-0.152
2.959,-0.146
2.960,-0.140
2.961,-0.135
2.962,-0.129
2.963,-0.123
2.964,-0.118
2.965,-0.112
2.966,-0.107
2.967,-0.102
2.968,-0.097
2.969,-0.092
2.970,-0.087
2.971,-0.083
2.972,-0.079
2.973,-0.075
2.974,-0.071
2.975,-0.068
2.976,-0.064
2.977,-0.061
2.978,-0.059
2.979,-0.056
2.980,-0.054
2.981,-0.052
2.982,-0.051
2.983,-0.050
2.984,-0.049
2.985,-0.048
2.986,-0.048
2.987,-0.048
2.988,-0.048
2.989,-0.048
2.990,-0.049
2.991,-0.050
2.992,-0.052
2.993,-0.053
2.994,-0.055
2.995,-0.058
2.996,-0.060
2.997,-0.063
2.998,-0.066
2.999,-0.069
3.000,-0.073
3.001,-0.077
3.002,-0.081
3.003,-0.085
3.004,-0.090
3.005,-0.095
3.006,-0.100
3.007,-0.105
3.008,-0.110
3.009,-0.116
3.010,-0.122
3.011,-0.128
3.012,-0.134
3.013,-0.141
3.014,-0.148
3.015,-0.154
3.016,-0.162
3.017,-0.169
3.018,-0.176
3.019,-0.184
3.020,-0.191
3.021,-0.199
3.022,-0.207
3.023,-0.216
3.024,-0.224
3.025,-0.232
3.026,-0.241
3.027,-0.250
3.028,-0.259
3.029,-0.268
3.030,-0.277
3.031,-0.286
3.032,-0.295
3.033,-0.305
3.034,-0.314
3.035,-0.324
3.036,-0.334
3.037,-0.344
3.038,-0.354
3.039,-0.364
3.040,-0.374
3.041,-0.384
3.042,-0.395
3.043,-0.405
3.044,-0.416
3.045,-0.426
3.046,-0.437
3.047,-0.448
3.048,-0.459
3.049,-0.469
3.050,-0.480
3.051,-0.492
3.052,-0.503
3.053,-0.514
3.054,-0.525
3.055,-0.536
3.056,-0.548
3.057,-0.559
3.058,-0.571
3.059,-0.582
3.060,-0.594
3.061,-0.605
3.062,-0.617
3.063,-0.629
3.064,-0.641
3.065,-0.653
3.066,-0.664
3.067,-0.676
3.068,-0.688
3.069,-0.700
3.070,-0.713
3.071,-0.725
3.072,-0.737
3.073,-0.749
3.074,-0.761
3.075,-0.774
3.076,-0.786
3.077,-0.798
3.078,-0.811
3.079,-0.823
3.080,-0.836
3.081,-0.848
3.082,-0.861
3.083,-0.873
3.084,-0.886
3.085,-0.899
3.086,-0.911
3.087,-0.924
3.088,-0.937
3.089,-0.950
3.090,-0.963
3.091,-0.975
3.092,-0.904
3.093,-0.788
3.094,-0.641
3.095,-0.473
3.096,-0.290
3.097,-0.095
3.098,0.106
3.099,0.312
3.100,0.519
3.101,0.726
3.102,0.931
3.103,1.134
3.104,1.332
3.105,1.526
3.106,1.681
3.107,1.802
3.108,1.893
3.109,1.957
3.110,1.999
3.111,2.021
3.112,2.025
3.113,2.015
3.114,1.991
3.115,1.957
3.116,1.913
3.117,1.861
3.118,1.803
3.119,1.740
3.120,1.672
3.121,1.601
3.122,1.528
3.123,1.453
3.124,1.377
3.125,1.301
3.126,1.225
3.127,1.149
3.128,1.075
3.129,1.001
3.130,0.930
3.131,0.860
3.132,0.792
3.133,0.726
3.134,0.663
3.135,0.602
3.136,0.544
3.137,0.488
3.138,0.435
3.139,0.385
3.140,0.337
3.141,0.292
3.142,0.249
3.143,0.209
3.144,0.172
3.145,0.137
3.146,0.105
3.147,0.074
3.148,0.047
3.149,0.021
3.150,-0.003
3.151,-0.024
3.152,-0.043
3.153,-0.061
3.154,-0.077
3.155,-0.091
3.156,-0.104
3.157,-0.114
3.158,-0.124
3.159,-0.132
3.160,-0.139
3.161,-0.145
3.162,-0.149
3.163,-0.153
3.164,-0.155
3.165,-0.157
3.166,-0.158
3.167,-0.158
3.168,-0.157
3.169,-0.156
3.170,-0.154
3.171,-0.152
3.172,-0.149
3.173,-0.146
3.174,-0.142
3.175,-0.138
3.176,-0.134
3.177,-0.130
3.178,-0.125
3.179,-0.120
3.180,-0.116
3.181,-0.111
3.182,-0.106
3.183,-0.101
3.184,-0.096
3.185,-0.092
3.186,-0.087
3.187,-0.082
3.188,-0.078
3.189,-0.073
3.190,-0.069
3.191,-0.065
3.192,-0.061
3.193,-0.058
3.194,-0.054
3.195,-0.051
3.196,-0.048
3.197,-0.046
3.198,-0.043
3.199,-0.041
3.200,-0.039
3.201,-0.037
3.202,-0.036
3.203,-0.035
3.204,-0.034
3.205,-0.033
3.206,-0.033
3.207,-0.033
3.208,-0.033
3.209,-0.034
3.210,-0.035
3.211,-0.036
3.212,-0.037
3.213,-0.039
3.214,-0.041
3.215,-0.043
3.216,-0.046
3.217,-0.048
3.218,-0.051
3.219,-0.055
3.220,-0.058
3.221,-0.062
3.222,-0.066
3.223,-0.070
3.224,-0.075
3.225,-0.079
3.226,-0.084
3.227,-0.089
3.228,-0.095
3.229,-0.100
3.230,-0.106
3.231,-0.112
3.232,-0.118
3.233,-0.125
3.234,-0.131
3.235,-0.138
3.236,-0.145
3.237,-0.152
3.238,-0.160
3.239,-0.167
3.240,-0.175
3.241,-0.182
3.242,-0.190
3.243,-0.198
3.244,-0.207
3.245,-0.215
3.246,-0.224
3.247,-0.232
3.248,-0.241
3.249,-0.250
3.250,-0.259
3.251,-0.268
3.252,-0.277
3.253,-0.287
3.254,-0.296
3.255,-0.306
3.256,-0.315
3.257,-0.325
3.258,-0.335
3.259,-0.345
3.260,-0.355
3.261,-0.365
3.262,-0.376
3.263,-0.386
3.264,-0.397
3.265,-0.407
3.266,-0.418
3.267,-0.428
3.268,-0.439
3.269,-0.450
3.270,-0.461
3.271,-0.472
3.272,-0.483
3.273,-0.494
3.274,-0.505
3.275,-0.516
3.276,-0.528
3.277,-0.539
3.278,-0.550
3.279,-0.562
3.280,-0.573
3.281,-0.585
3.282,-0.597
3.283,-0.608
3.284,-0.620
3.285,-0.632
3.286,-0.644
3.287,-0.656
3.288,-0.667
3.289,-0.679
3.290,-0.691
3.291,-0.704
3.292,-0.716
3.293,-0.728
3.294,-0.740
3.295,-0.752
3.296,-0.765
3.297,-0.777
3.298,-0.789
3.299,-0.802
3.300,-0.814
3.301,-0.826
3.302,-0.839
3.303,-0.852
3.304,-0.864
3.305,-0.877
3.306,-0.889
3.307,-0.902
3.308,-0.915
3.309,-0.928
3.310,-0.940
3.311,-0.953
3.312,-0.966
3.313,-0.979
3.314,-0.992
3.315,-1.005
3.316,-1.018
3.317,-0.946
3.318,-0.830
3.319,-0.683
3.320,-0.515
3.321,-0.331
3.322,-0.136
3.323,0.065
3.324,0.271
3.325,0.478
3.326,0.685
3.327,0.890
3.328,1.093
3.329,1.291
3.330,1.485
3.331,1.674
3.332,1.823
3.333,1.937
3.334,2.021
3.335,2.078
3.336,2.113
3.337,2.127
3.338,2.125
3.339,2.107
3.340,2.077
3.341,2.036
3.342,1.985
3.343,1.928
3.344,1.864
3.345,1.795
3.346,1.722
3.347,1.646
3.348,1.568
3.349,1.489
3.350,1.409
3.351,1.329
3.352,1.250
3.353,1.171
3.354,1.094
3.355,1.018
3.356,0.944
3.357,0.872
3.358,0.802
3.359,0.735
3.360,0.670
3.361,0.608
3.362,0.549
3.363,0.493
3.364,0.439
3.365,0.388
3.366,0.340
3.367,0.295
3.368,0.252
3.369,0.212
3.370,0.175
3.371,0.141
3.372,0.108
3.373,0.079
3.374,0.052
3.375,0.027
3.376,0.004
3.377,-0.017
3.378,-0.035
3.379,-0.052
3.380,-0.067
3.381,-0.080
3.382,-0.092
3.383,-0.101
3.384,-0.110
3.385,-0.117
3.386,-0.123
3.387,-0.127
3.388,-0.131
3.389,-0.133
3.390,-0.134
3.391,-0.135
3.392,-0.135
3.393,-0.134
3.394,-0.132
3.395,-0.129
3.396,-0.126
3.397,-0.123
3.398,-0.119
3.399,-0.115
3.400,-0.110
3.401,-0.105
3.402,-0.100
3.403,-0.095
3.404,-0.089
3.405,-0.084
3.406,-0.078
3.407,-0.072
3.408,-0.066
3.409,-0.061
3.410,-0.055
3.411,-0.049
3.412,-0.044
3.413,-0.039
3.414,-0.033
3.415,-0.028
3.416,-0.023
3.417,-0.019
3.418,-0.014
3.419,-0.010
3.420,-0.006
3.421,-0.002
3.422,0.002
3.423,0.005
3.424,0.008
3.425,0.011
3.426,0.013
3.427,0.015
3.428,0.017
3.429,0.019
3.430,0.020
3.431,0.021
3.432,0.022
3.433,0.022
3.434,0.022
3.435,0.022
3.436,0.022
3.437,0.021
3.438,0.020
3.439,0.018
3.440,0.017
3.441,0.015
3.442,0.013
3.443,0.010
3.444,0.007
3.445,0.005
3.446,0.001
3.447,-0.002
3.448,-0.006
3.449,-0.010
3.450,-0.014
3.451,-0.019
3.452,-0.023
3.453,-0.028
3.454,-0.034
3.455,-0.039
3.456,-0.045
3.457,-0.050
3.458,-0.056
3.459,-0.063
3.460,-0.069
3.461,-0.076
3.462,-0.082
3.463,-0.089
3.464,-0.097
3.465,-0.104
3.466,-0.111
3.467,-0.119
3.468,-0.127
3.469,-0.135
3.470,-0.143
3.471,-0.151
3.472,-0.159
3.473,-0.168
3.474,-0.177
3.475,-0.185
3.476,-0.194
3.477,-0.203
3.478,-0.213
3.479,-0.222
3.480,-0.231
3.481,-0.241
3.482,-0.250
3.483,-0.260
3.484,-0.270
3.485,-0.280
3.486,-0.290
3.487,-0.300
3.488,-0.310
3.489,-0.320
3.490,-0.330
3.491,-0.341
3.492,-0.351
3.493,-0.362
3.494,-0.373
3.495,-0.383
3.496,-0.394
3.497,-0.405
3.498,-0.416
3.499,-0.427
3.500,-0.438
3.501,-0.449
3.502,-0.460
3.503,-0.472
3.504,-0.483
3.505,-0.494
3.506,-0.506
3.507,-0.517
3.508,-0.529
3.509,-0.540
3.510,-0.552
3.511,-0.564
3.512,-0.575
3.513,-0.587
3.514,-0.599
3.515,-0.611
3.516,-0.623
3.517,-0.635
3.518,-0.647
3.519,-0.659
3.520,-0.671
3.521,-0.683
3.522,-0.695
3.523,-0.707
3.524,-0.719
3.525,-0.732
3.526,-0.744
3.527,-0.756
3.528,-0.769
3.529,-0.781
3.530,-0.794
3.531,-0.806
3.532,-0.819
3.533,-0.831
3.534,-0.844
3.535,-0.857
3.536,-0.869
3.537,-0.882
3.538,-0.895
3.539,-0.907
3.540,-0.920
3.541,-0.933
3.542,-0.946
3.543,-0.959
3.544,-0.972
3.545,-0.985
3.546,-0.998
3.547,-1.011
3.548,-1.024
3.549,-1.037
3.550,-1.050
3.551,-1.063
3.552,-1.076
3.553,-1.089
3.554,-1.102
3.555,-1.030
3.556,-0.914
3.557,-0.767
3.558,-0.598
3.559,-0.414
3.560,-0.219
3.561,-0.017
3.562,0.189
3.563,0.396
3.564,0.603
3.565,0.809
3.566,1.011
3.567,1.210
3.568,1.404
3.569,1.592
3.570,1.775
3.571,1.918
3.572,2.025
3.573,2.102
3.574,2.152
3.575,2.179
3.576,2.186
3.577,2.176
3.578,2.151
3.579,2.114
3.580,2.066
3.581,2.010
3.582,1.946
3.583,1.876
3.584,1.802
3.585,1.724
3.586,1.644
3.587,1.561
3.588,1.478
3.589,1.394
3.590,1.311
3.591,1.228
3.592,1.146
3.593,1.066
3.594,0.988
3.595,0.912
3.596,0.838
3.597,0.766
3.598,0.698
3.599,0.632
3.600,0.569
3.601,0.509
3.602,0.451
3.603,0.397
3.604,0.346
3.605,0.298
3.606,0.252
3.607,0.210
3.608,0.170
3.609,0.133
3.610,0.099
3.611,0.067
3.612,0.038
3.613,0.012
3.614,-0.013
3.615,-0.035
3.616,-0.055
3.617,-0.072
3.618,-0.088
3.619,-0.102
3.620,-0.114
3.621,-0.125
3.622,-0.134
3.623,-0.141
3.624,-0.147
3.625,-0.152
3.626,-0.155
3.627,-0.157
3.628,-0.159
3.629,-0.159
3.630,-0.158
3.631,-0.157
3.632,-0.155
3.633,-0.152
3.634,-0.149
3.635,-0.145
3.636,-0.140
3.637,-0.135
3.638,-0.130
3.639,-0.124
3.640,-0.118
3.641,-0.112
3.642,-0.106
3.643,-0.100
3.644,-0.093
3.645,-0.087
3.646,-0.080
3.647,-0.073
3.648,-0.067
3.649,-0.060
3.650,-0.054
3.651,-0.048
3.652,-0.042
3.653,-0.036
3.654,-0.030
3.655,-0.025
3.656,-0.019
3.657,-0.014
3.658,-0.009
3.659,-0.005
3.660,-0.000
3.661,0.004
3.662,0.008
3.663,0.011
3.664,0.014
3.665,0.017
3.666,0.020
3.667,0.022
3.668,0.024
3.669,0.026
3.670,0.027
3.671,0.028
3.672,0.029
3.673,0.029
3.674,0.030
3.675,0.029
3.676,0.029
3.677,0.028
3.678,0.027
3.679,0.026
3.680,0.024
3.681,0.022
3.682,0.020
3.683,0.017
3.684,0.015
3.685,0.011
3.686,0.008
3.687,0.005
3.688,0.001
3.689,-0.003
3.690,-0.008
3.691,-0.012
3.692,-0.017
3.693,-0.022
3.694,-0.027
3.695,-0.033
3.696,-0.039
3.697,-0.045
3.698,-0.051
3.699,-0.057
3.700,-0.064
3.701,-0.070
3.702,-0.077
3.703,-0.084
3.704,-0.091
3.705,-0.099
3.706,-0.106
3.707,-0.114
3.708,-0.122
3.709,-0.130
3.710,-0.138
3.711,-0.147
3.712,-0.155
3.713,-0.164
3.714,-0.172
3.715,-0.181
3.716,-0.190
3.717,-0.199
3.718,-0.209
3.719,-0.218
3.720,-0.227
3.721,-0.237
3.722,-0.247
3.723,-0.256
3.724,-0.266
3.725,-0.276
3.726,-0.286
3.727,-0.296
3.728,-0.307
3.729,-0.317
3.730,-0.327
3.731,-0.338
3.732,-0.348
3.733,-0.359
3.734,-0.370
3.735,-0.380
3.736,-0.391
3.737,-0.402
3.738,-0.413
3.739,-0.424
3.740,-0.435
3.741,-0.447
3.742,-0.458
3.743,-0.469
3.744,-0.480
3.745,-0.492
3.746,-0.503
3.747,-0.515
3.748,-0.526
3.749,-0.538
3.750,-0.550
3.751,-0.561
3.752,-0.573
3.753,-0.585
3.754,-0.597
3.755,-0.609
3.756,-0.621
3.757,-0.633
3.758,-0.645
3.759,-0.657
3.760,-0.669
3.761,-0.681
3.762,-0.693
3.763,-0.705
3.764,-0.718
3.765,-0.730
3.766,-0.742
3.767,-0.755
3.768,-0.767
3.769,-0.780
3.770,-0.792
3.771,-0.805
3.772,-0.817
3.773,-0.830
3.774,-0.842
3.775,-0.855
3.776,-0.868
3.777,-0.880
3.778,-0.893
3.779,-0.906
3.780,-0.919
3.781,-0.932
3.782,-0.944
3.783,-0.957
3.784,-0.970
3.785,-0.983
3.786,-0.996
3.787,-1.009
3.788,-1.022
3.789,-1.035
3.790,-1.049
3.791,-1.062
3.792,-1.075
3.793,-1.088
3.794,-1.016
3.795,-0.899
3.796,-0.752
3.797,-0.583
3.798,-0.399
3.799,-0.205
3.800,-0.003
3.801,0.203
3.802,0.410
3.803,0.618
3.804,0.823
3.805,1.026
3.806,1.224
3.807,1.418
3.808,1.607
3.809,1.756
3.810,1.870
3.811,1.954
3.812,2.011
3.813,2.045
3.814,2.060
3.815,2.057
3.816,2.039
3.817,2.009
3.818,1.968
3.819,1.917
3.820,1.859
3.821,1.795
3.822,1.726
3.823,1.653
3.824,1.577
3.825,1.499
3.826,1.420
3.827,1.340
3.828,1.260
3.829,1.180
3.830,1.101
3.831,1.023
3.832,0.947
3.833,0.873
3.834,0.801
3.835,0.731
3.836,0.664
3.837,0.599
3.838,0.537
3.839,0.477
3.840,0.421
3.841,0.367
3.842,0.316
3.843,0.268
3.844,0.222
3.845,0.180
3.846,0.140
3.847,0.102
3.848,0.068
3.849,0.035
3.850,0.006
3.851,-0.022
3.852,-0.047
3.853,-0.070
3.854,-0.091
3.855,-0.109
3.856,-0.126
3.857,-0.141
3.858,-0.154
3.859,-0.166
3.860,-0.176
3.861,-0.184
3.862,-0.192
3.863,-0.197
3.864,-0.202
3.865,-0.206
3.866,-0.208
3.867,-0.210
3.868,-0.210
3.869,-0.210
3.870,-0.209
3.871,-0.207
3.872,-0.205
3.873,-0.202
3.874,-0.199
3.875,-0.195
3.876,-0.191
3.877,-0.186
3.878,-0.181
3.879,-0.176
3.880,-0.171
3.881,-0.165
3.882,-0.160
3.883,-0.154
3.884,-0.149
3.885,-0.143
3.886,-0.137
3.887,-0.132
3.888,-0.126
3.889,-0.121
3.890,-0.115
3.891,-0.110
3.892,-0.105
3.893,-0.100
3.894,-0.096
3.895,-0.091
3.896,-0.087
3.897,-0.083
3.898,-0.079
3.899,-0.076
3.900,-0.073
3.901,-0.070
3.902,-0.067
3.903,-0.065
3.904,-0.063
3.905,-0.061
3.906,-0.059
3.907,-0.058
3.908,-0.057
3.909,-0.056
3.910,-0.056
3.911,-0.056
3.912,-0.056
3.913,-0.057
3.914,-0.058
3.915,-0.059
3.916,-0.060
3.917,-0.062
3.918,-0.064
3.919,-0.066
3.920,-0.069
3.921,-0.072
3.922,-0.075
3.923,-0.078
3.924,-0.082
3.925,-0.085
3.926,-0.090
3.927,-0.094
3.928,-0.098
3.929,-0.103
3.930,-0.108
3.931,-0.114
3.932,-0.119
3.933,-0.125
3.934,-0.131
3.935,-0.137
3.936,-0.143
3.937,-0.150
3.938,-0.156
3.939,-0.163
3.940,-0.170
3.941,-0.177
3.942,-0.185
3.943,-0.192
3.944,-0.200
3.945,-0.208
3.946,-0.216
3.947,-0.224
3.948,-0.233
3.949,-0.241
3.950,-0.250
3.951,-0.259
3.952,-0.267
3.953,-0.276
3.954,-0.286
3.955,-0.295
3.956,-0.304
3.957,-0.314
3.958,-0.323
3.959,-0.333
3.960,-0.343
3.961,-0.353
3.962,-0.363
3.963,-0.373
3.964,-0.383
3.965,-0.393
3.966,-0.404
3.967,-0.414
3.968,-0.425
3.969,-0.435
3.970,-0.446
3.971,-0.457
3.972,-0.468
3.973,-0.479
3.974,-0.490
3.975,-0.501
3.976,-0.512
3.977,-0.523
3.978,-0.534
3.979,-0.545
3.980,-0.557
3.981,-0.568
3.982,-0.580
3.983,-0.591
3.984,-0.603
3.985,-0.615
3.986,-0.626
3.987,-0.638
3.988,-0.650
3.989,-0.662
3.990,-0.674
3.991,-0.686
3.992,-0.698
3.993,-0.710
3.994,-0.722
3.995,-0.734
3.996,-0.746
3.997,-0.758
3.998,-0.771
3.999,-0.783
4.000,-0.795
4.001,-0.808
4.002,-0.820
4.003,-0.833
4.004,-0.845
4.005,-0.858
4.006,-0.870
4.007,-0.883
4.008,-0.896
4.009,-0.908
4.010,-0.921
4.011,-0.934
4.012,-0.947
4.013,-0.959
4.014,-0.888
4.015,-0.772
4.016,-0.625
4.017,-0.457
4.018,-0.274
4.019,-0.079
4.020,0.122
4.021,0.327
4.022,0.534
4.023,0.742
4.024,0.947
4.025,1.149
4.026,1.348
4.027,1.542
4.028,1.697
4.029,1.817
4.030,1.908
4.031,1.973
4.032,2.015
4.033,2.036
4.034,2.041
4.035,2.030
4.036,2.007
4.037,1.972
4.038,1.929
4.039,1.877
4.040,1.819
4.041,1.756
4.042,1.688
4.043,1.617
4.044,1.544
4.045,1.469
4.046,1.393
4.047,1.317
4.048,1.241
4.049,1.166
4.050,1.091
4.051,1.018
4.052,0.946
4.053,0.876
4.054,0.808
4.055,0.743
4.056,0.680
4.057,0.619
4.058,0.560
4.059,0.505
4.060,0.452
4.061,0.401
4.062,0.354
4.063,0.308
4.064,0.266
4.065,0.226
4.066,0.189
4.067,0.154
4.068,0.121
4.069,0.091
4.070,0.064
4.071,0.038
4.072,0.014
4.073,-0.007
4.074,-0.026
4.075,-0.044
4.076,-0.060
4.077,-0.074
4.078,-0.086
4.079,-0.097
4.080,-0.107
4.081,-0.115
4.082,-0.122
4.083,-0.127
4.084,-0.132
4.085,-0.135
4.086,-0.138
4.087,-0.140
4.088,-0.140
4.089,-0.140
4.090,-0.140
4.091,-0.138
4.092,-0.136
4.093,-0.134
4.094,-0.131
4.095,-0.128
4.096,-0.124
4.097,-0.121
4.098,-0.116
4.099,-0.112
4.100,-0.107
4.101,-0.103
4.102,-0.098
4.103,-0.093
4.104,-0.088
4.105,-0.083
4.106,-0.079
4.107,-0.074
4.108,-0.069
4.109,-0.064
4.110,-0.060
4.111,-0.056
4.112,-0.051
4.113,-0.047
4.114,-0.043
4.115,-0.040
4.116,-0.036
4.117,-0.033
4.118,-0.030
4.119,-0.028
4.120,-0.025
4.121,-0.023
4.122,-0.021
4.123,-0.019
4.124,-0.018
4.125,-0.017
4.126,-0.016
4.127,-0.015
4.128,-0.015
4.129,-0.015
4.130,-0.015
4.131,-0.016
4.132,-0.017
4.133,-0.018
4.134,-0.019
4.135,-0.021
4.136,-0.023
4.137,-0.025
4.138,-0.027
4.139,-0.030
4.140,-0.033
4.141,-0.036
4.142,-0.040
4.143,-0.043
4.144,-0.047
4.145,-0.052
4.146,-0.056
4.147,-0.061
4.148,-0.066
4.149,-0.071
4.150,-0.076
4.151,-0.082
4.152,-0.088
4.153,-0.094
4.154,-0.100
4.155,-0.106
4.156,-0.113
4.157,-0.119
4.158,-0.126
4.159,-0.133
4.160,-0.141
4.161,-0.148
4.162,-0.156
4.163,-0.163
4.164,-0.171
4.165,-0.179
4.166,-0.188
4.167,-0.196
4.168,-0.204
4.169,-0.213
4.170,-0.222
4.171,-0.231
4.172,-0.240
4.173,-0.249
4.174,-0.258
4.175,-0.267
4.176,-0.277
4.177,-0.286
4.178,-0.296
4.179,-0.306
4.180,-0.316
4.181,-0.326
4.182,-0.336
4.183,-0.346
4.184,-0.356
4.185,-0.367
4.186,-0.377
4.187,-0.387
4.188,-0.398
4.189,-0.409
4.190,-0.419
4.191,-0.430
4.192,-0.441
4.193,-0.452
4.194,-0.463
4.195,-0.474
4.196,-0.485
4.197,-0.496
4.198,-0.508
4.199,-0.519
4.200,-0.530
4.201,-0.542
4.202,-0.553
4.203,-0.565
4.204,-0.577
4.205,-0.588
4.206,-0.600
4.207,-0.612
4.208,-0.623
4.209,-0.635
4.210,-0.647
4.211,-0.659
4.212,-0.671
4.213,-0.683
4.214,-0.695
4.215,-0.707
4.216,-0.719
4.217,-0.732
4.218,-0.744
4.219,-0.756
4.220,-0.769
4.221,-0.781
4.222,-0.793
4.223,-0.806
4.224,-0.818
4.225,-0.831
4.226,-0.843
4.227,-0.856
4.228,-0.868
4.229,-0.881
4.230,-0.894
4.231,-0.906
4.232,-0.919
4.233,-0.932
4.234,-0.945
4.235,-0.958
4.236,-0.970
4.237,-0.983
4.238,-0.996
4.239,-1.009
4.240,-1.022
4.241,-1.035
4.242,-1.048
4.243,-0.977
4.244,-0.860
4.245,-0.713
4.246,-0.545
4.247,-0.361
4.248,-0.166
4.249,0.035
4.250,0.241
4.251,0.448
4.252,0.656
4.253,0.861
4.254,1.064
4.255,1.262
4.256,1.456
4.257,1.644
4.258,1.793
4.259,1.908
4.260,1.991
4.261,2.049
4.262,2.083
4.263,2.098
4.264,2.095
4.265,2.077
4.266,2.047
4.267,2.006
4.268,1.956
4.269,1.898
4.270,1.834
4.271,1.765
4.272,1.692
4.273,1.616
4.274,1.538
4.275,1.459
4.276,1.379
4.277,1.299
4.278,1.219
4.279,1.141
4.280,1.063
4.281,0.987
4.282,0.913
4.283,0.841
4.284,0.771
4.285,0.704
4.286,0.639
4.287,0.577
4.288,0.518
4.289,0.461
4.290,0.408
4.291,0.357
4.292,0.309
4.293,0.263
4.294,0.221
4.295,0.181
4.296,0.144
4.297,0.109
4.298,0.077
4.299,0.047
4.300,0.020
4.301,-0.005
4.302,-0.028
4.303,-0.049
4.304,-0.067
4.305,-0.084
4.306,-0.099
4.307,-0.112
4.308,-0.124
4.309,-0.134
4.310,-0.142
4.311,-0.149
4.312,-0.155
4.313,-0.160
4.314,-0.163
4.315,-0.165
4.316,-0.167
4.317,-0.167
4.318,-0.167
4.319,-0.166
4.320,-0.164
4.321,-0.162
4.322,-0.159
4.323,-0.156
4.324,-0.152
4.325,-0.147
4.326,-0.143
4.327,-0.138
4.328,-0.133
4.329,-0.128
4.330,-0.122
4.331,-0.117
4.332,-0.111
4.333,-0.105
4.334,-0.099
4.335,-0.094
4.336,-0.088
4.337,-0.083
4.338,-0.077
4.339,-0.072
4.340,-0.066
4.341,-0.061
4.342,-0.057
4.343,-0.052
4.344,-0.047
4.345,-0.043
4.346,-0.039
4.347,-0.035
4.348,-0.032
4.349,-0.029
4.350,-0.026
4.351,-0.023
4.352,-0.020
4.353,-0.018
4.354,-0.016
4.355,-0.015
4.356,-0.014
4.357,-0.013
4.358,-0.012
4.359,-0.012
4.360,-0.011
4.361,-0.012
4.362,-0.012
4.363,-0.013
4.364,-0.014
4.365,-0.015
4.366,-0.017
4.367,-0.019
4.368,-0.021
4.369,-0.024
4.370,-0.027
4.371,-0.030
4.372,-0.033
4.373,-0.036
4.374,-0.040
4.375,-0.044
4.376,-0.049
4.377,-0.053
4.378,-0.058
4.379,-0.063
4.380,-0.068
4.381,-0.073
4.382,-0.079
4.383,-0.085
4.384,-0.091
4.385,-0.097
4.386,-0.104
4.387,-0.110
4.388,-0.117
4.389,-0.124
4.390,-0.131
4.391,-0.139
4.392,-0.146
4.393,-0.154
4.394,-0.162
4.395,-0.170
4.396,-0.178
4.397,-0.186
4.398,-0.195
4.399,-0.203
4.400,-0.212
4.401,-0.221
4.402,-0.230
4.403,-0.239
4.404,-0.248
4.405,-0.257
4.406,-0.267
4.407,-0.276
4.408,-0.286
4.409,-0.296
4.410,-0.305
4.411,-0.315
4.412,-0.325
4.413,-0.335
4.414,-0.346
4.415,-0.356
4.416,-0.366
4.417,-0.377
4.418,-0.387
4.419,-0.398
4.420,-0.409
4.421,-0.420
4.422,-0.430
4.423,-0.441
4.424,-0.452
4.425,-0.463
4.426,-0.474
4.427,-0.486
4.428,-0.497
4.429,-0.508
4.430,-0.520
4.431,-0.531
4.432,-0.542
4.433,-0.554
4.434,-0.566
4.435,-0.577
4.436,-0.589
4.437,-0.601
4.438,-0.612
4.439,-0.624
4.440,-0.636
4.441,-0.648
4.442,-0.660
4.443,-0.672
4.444,-0.684
4.445,-0.696
4.446,-0.708
4.447,-0.721
4.448,-0.733
4.449,-0.745
4.450,-0.757
4.451,-0.770
4.452,-0.782
4.453,-0.795
4.454,-0.807
4.455,-0.819
4.456,-0.832
4.457,-0.845
4.458,-0.857
4.459,-0.870
4.460,-0.882
4.461,-0.895
4.462,-0.908
4.463,-0.921
4.464,-0.933
4.465,-0.946
4.466,-0.959
4.467,-0.972
4.468,-0.985
4.469,-0.998
4.470,-1.011
4.471,-1.024
4.472,-1.037
4.473,-0.965
4.474,-0.849
4.475,-0.702
4.476,-0.533
4.477,-0.350
4.478,-0.155
4.479,0.047
4.480,0.252
4.481,0.460
4.482,0.667
4.483,0.872
4.484,1.075
4.485,1.273
4.486,1.467
4.487,1.656
4.488,1.805
4.489,1.919
4.490,2.003
4.491,2.060
4.492,2.094
4.493,2.109
4.494,2.106
4.495,2.089
4.496,2.058
4.497,2.017
4.498,1.967
4.499,1.909
4.500,1.845
4.501,1.776
4.502,1.703
4.503,1.627
4.504,1.550
4.505,1.470
4.506,1.390
4.507,1.310
4.508,1.231
4.509,1.152
4.510,1.075
4.511,0.999
4.512,0.925
4.513,0.853
4.514,0.783
4.515,0.716
4.516,0.651
4.517,0.589
4.518,0.529
4.519,0.473
4.520,0.419
4.521,0.368
4.522,0.320
4.523,0.275
4.524,0.232
4.525,0.192
4.526,0.155
4.527,0.121
4.528,0.088
4.529,0.059
4.530,0.032
4.531,0.007
4.532,-0.016
4.533,-0.037
4.534,-0.056
4.535,-0.072
4.536,-0.087
4.537,-0.100
4.538,-0.112
4.539,-0.122
4.540,-0.130
4.541,-0.137
4.542,-0.143
4.543,-0.148
4.544,-0.151
4.545,-0.154
4.546,-0.155
4.547,-0.156
4.548,-0.155
4.549,-0.154
4.550,-0.152
4.551,-0.150
4.552,-0.147
4.553,-0.144
4.554,-0.140
4.555,-0.136
4.556,-0.131
4.557,-0.126
4.558,-0.121
4.559,-0.116
4.560,-0.110
4.561,-0.105
4.562,-0.099
4.563,-0.093
4.564,-0.087
4.565,-0.082
4.566,-0.076
4.567,-0.070
4.568,-0.065
4.569,-0.060
4.570,-0.054
4.571,-0.049
4.572,-0.044
4.573,-0.040
4.574,-0.035
4.575,-0.031
4.576,-0.027
4.577,-0.023
4.578,-0.020
4.579,-0.016
4.580,-0.013
4.581,-0.011
4.582,-0.008
4.583,-0.006
4.584,-0.004
4.585,-0.003
4.586,-0.001
4.587,-0.000
4.588,0.000
4.589,0.001
4.590,0.001
4.591,0.001
4.592,0.000
4.593,-0.001
4.594,-0.002
4.595,-0.003
4.596,-0.005
4.597,-0.007
4.598,-0.009
4.599,-0.011
4.600,-0.014
4.601,-0.017
4.602,-0.020
4.603,-0.024
4.604,-0.028
4.605,-0.032
4.606,-0.036
4.607,-0.040
4.608,-0.045
4.609,-0.050
4.610,-0.055
4.611,-0.061
4.612,-0.066
4.613,-0.072
4.614,-0.078
4.615,-0.085
4.616,-0.091
4.617,-0.098
4.618,-0.104
4.619,-0.111
4.620,-0.119
4.621,-0.126
4.622,-0.133
4.623,-0.141
4.624,-0.149
4.625,-0.157
4.626,-0.165
4.627,-0.173
4.628,-0.182
4.629,-0.190
4.630,-0.199
4.631,-0.208
4.632,-0.217
4.633,-0.226
4.634,-0.235
4.635,-0.244
4.636,-0.254
4.637,-0.263
4.638,-0.273
4.639,-0.282
4.640,-0.292
4.641,-0.302
4.642,-0.312
4.643,-0.322
4.644,-0.332
4.645,-0.343
4.646,-0.353
4.647,-0.364
4.648,-0.374
4.649,-0.385
4.650,-0.395
4.651,-0.406
4.652,-0.417
4.653,-0.428
4.654,-0.439
4.655,-0.450
4.656,-0.461
4.657,-0.472
4.658,-0.483
4.659,-0.495
4.660,-0.506
4.661,-0.517
4.662,-0.529
4.663,-0.540
4.664,-0.552
4.665,-0.563
4.666,-0.575
4.667,-0.587
4.668,-0.599
4.669,-0.610
4.670,-0.622
4.671,-0.634
4.672,-0.646
4.673,-0.658
4.674,-0.670
4.675,-0.682
4.676,-0.694
4.677,-0.707
4.678,-0.719
4.679,-0.731
4.680,-0.743
4.681,-0.756
4.682,-0.768
4.683,-0.780
4.684,-0.793
4.685,-0.805
4.686,-0.818
4.687,-0.830
4.688,-0.843
4.689,-0.855
4.690,-0.868
4.691,-0.881
4.692,-0.893
4.693,-0.906
4.694,-0.919
4.695,-0.932
4.696,-0.945
4.697,-0.957
4.698,-0.970
4.699,-0.983
4.700,-0.996
4.701,-1.009
4.702,-1.022
4.703,-1.035
4.704,-1.048
4.705,-1.061
4.706,-0.990
4.707,-0.873
4.708,-0.726
4.709,-0.558
4.710,-0.374
4.711,-0.179
4.712,0.023
4.713,0.228
4.714,0.436
4.715,0.643
4.716,0.849
4.717,1.051
4.718,1.250
4.719,1.444
4.720,1.632
4.721,1.781
4.722,1.895
4.723,1.979
4.724,2.036
4.725,2.071
4.726,2.085
4.727,2.082
4.728,2.065
4.729,2.034
4.730,1.993
4.731,1.943
4.732,1.885
4.733,1.821
4.734,1.752
4.735,1.679
4.736,1.603
4.737,1.525
4.738,1.446
4.739,1.366
4.740,1.286
4.741,1.206
4.742,1.128
4.743,1.050
4.744,0.974
4.745,0.900
4.746,0.828
4.747,0.758
4.748,0.691
4.749,0.626
4.750,0.564
4.751,0.505
4.752,0.448
4.753,0.394
4.754,0.343
4.755,0.295
4.756,0.250
4.757,0.207
4.758,0.167
4.759,0.130
4.760,0.095
4.761,0.063
4.762,0.033
4.763,0.006
4.764,-0.019
4.765,-0.042
4.766,-0.063
4.767,-0.081
4.768,-0.098
4.769,-0.113
4.770,-0.126
4.771,-0.138
4.772,-0.148
4.773,-0.156
4.774,-0.163
4.775,-0.169
4.776,-0.174
4.777,-0.177
4.778,-0.180
4.779,-0.181
4.780,-0.182
4.781,-0.181
4.782,-0.180
4.783,-0.179
4.784,-0.176
4.785,-0.173
4.786,-0.170
4.787,-0.166
4.788,-0.162
4.789,-0.157
4.790,-0.152
4.791,-0.147
4.792,-0.142
4.793,-0.136
4.794,-0.131
4.795,-0.125
4.796,-0.120
4.797,-0.114
4.798,-0.108
4.799,-0.103
4.800,-0.097
4.801,-0.091
4.802,-0.086
4.803,-0.081
4.804,-0.076
4.805,-0.071
4.806,-0.066
4.807,-0.062
4.808,-0.058
4.809,-0.054
4.810,-0.050
4.811,-0.046
4.812,-0.043
4.813,-0.040
4.814,-0.037
4.815,-0.035
4.816,-0.033
4.817,-0.031
4.818,-0.030
4.819,-0.028
4.820,-0.027
4.821,-0.027
4.822,-0.026
4.823,-0.026
4.824,-0.026
4.825,-0.027
4.826,-0.028
4.827,-0.029
4.828,-0.030
4.829,-0.032
4.830,-0.034
4.831,-0.036
4.832,-0.039
4.833,-0.041
4.834,-0.044
4.835,-0.048
4.836,-0.051
4.837,-0.055
4.838,-0.059
4.839,-0.064
4.840,-0.068
4.841,-0.073
4.842,-0.078
4.843,-0.083
4.844,-0.089
4.845,-0.094
4.846,-0.100
4.847,-0.106
4.848,-0.112
4.849,-0.119
4.850,-0.126
4.851,-0.132
4.852,-0.139
4.853,-0.147
4.854,-0.154
4.855,-0.161
4.856,-0.169
4.857,-0.177
4.858,-0.185
4.859,-0.193
4.860,-0.202
4.861,-0.210
4.862,-0.219
4.863,-0.227
4.864,-0.236
4.865,-0.245
4.866,-0.254
4.867,-0.263
4.868,-0.273
4.869,-0.282
4.870,-0.292
4.871,-0.301
4.872,-0.311
4.873,-0.321
4.874,-0.331
4.875,-0.341
4.876,-0.351
4.877,-0.361
4.878,-0.372
4.879,-0.382
4.880,-0.393
4.881,-0.403
4.882,-0.414
4.883,-0.425
4.884,-0.435
4.885,-0.446
4.886,-0.457
4.887,-0.468
4.888,-0.479
4.889,-0.490
4.890,-0.502
4.891,-0.513
4.892,-0.524
4.893,-0.536
4.894,-0.547
4.895,-0.559
4.896,-0.570
4.897,-0.582
4.898,-0.593
4.899,-0.605
4.900,-0.617
4.901,-0.629
4.902,-0.641
4.903,-0.652
4.904,-0.664
4.905,-0.676
4.906,-0.688
4.907,-0.701
4.908,-0.713
4.909,-0.725
4.910,-0.737
4.911,-0.749
4.912,-0.762
4.913,-0.774
4.914,-0.786
4.915,-0.799
4.916,-0.811
4.917,-0.824
4.918,-0.836
4.919,-0.849
4.920,-0.861
4.921,-0.874
4.922,-0.887
4.923,-0.899
4.924,-0.912
4.925,-0.925
4.926,-0.938
4.927,-0.950
4.928,-0.963
4.929,-0.976
4.930,-0.989
4.931,-1.002
4.932,-1.015
4.933,-0.943
4.934,-0.827
4.935,-0.680
4.936,-0.512
4.937,-0.328
4.938,-0.134
4.939,0.068
4.940,0.273
4.941,0.481
4.942,0.688
4.943,0.893
4.944,1.096
4.945,1.294
4.946,1.488
4.947,1.677
4.948,1.826
4.949,1.940
4.950,2.024
4.951,2.081
4.952,2.116
4.953,2.130
4.954,2.127
4.955,2.110
4.956,2.079
4.957,2.038
4.958,1.988
4.959,1.930
4.960,1.866
4.961,1.797
4.962,1.725
4.963,1.649
4.964,1.571
4.965,1.492
4.966,1.412
4.967,1.332
4.968,1.252
4.969,1.174
4.970,1.096
4.971,1.021
4.972,0.946
4.973,0.875
4.974,0.805
4.975,0.738
4.976,0.673
4.977,0.611
4.978,0.552
4.979,0.495
4.980,0.442
4.981,0.391
4.982,0.343
4.983,0.297
4.984,0.255
4.985,0.215
4.986,0.178
4.987,0.143
4.988,0.111
4.989,0.081
4.990,0.054
4.991,0.029
4.992,0.006
4.993,-0.014
4.994,-0.033
4.995,-0.050
4.996,-0.064
4.997,-0.078
4.998,-0.089
4.999,-0.099
5.000,-0.107
5.001,-0.114
5.002,-0.120
5.003,-0.125
5.004,-0.128
5.005,-0.130
5.006,-0.132
5.007,-0.132
5.008,-0.132
5.009,-0.131
5.010,-0.129
5.011,-0.127
5.012,-0.124
5.013,-0.120
5.014,-0.116
5.015,-0.112
