0.000,0.000
0.001,5.000
0.002,5.000
0.003,5.001
0.004,5.001
0.005,5.001
0.006,5.001
0.007,5.001
0.008,5.002
0.009,5.002
0.010,5.002
0.011,5.002
0.012,5.002
0.013,5.002
0.014,5.001
0.015,5.001
0.016,5.001
0.017,5.001
0.018,5.000
0.019,5.000
0.020,5.000
0.021,4.999
0.022,4.999
0.023,4.999
0.024,4.999
0.025,4.999
0.026,4.999
0.027,5.000
0.028,5.000
0.029,5.001
0.030,5.002
0.031,5.003
0.032,5.005
0.033,5.006
0.034,5.008
0.035,5.009
0.036,5.011
0.037,5.012
0.038,5.014
0.039,5.015
0.040,5.017
0.041,5.019
0.042,5.020
0.043,5.022
0.044,5.023
0.045,5.025
0.046,5.026
0.047,5.028
0.048,5.029
0.049,5.030
0.050,5.032
0.051,5.033
0.052,5.034
0.053,5.035
0.054,5.036
0.055,5.038
0.056,5.039
0.057,5.040
0.058,5.041
0.059,5.042
0.060,5.043
0.061,5.043
0.062,5.044
0.063,5.045
0.064,5.046
0.065,5.047
0.066,5.048
0.067,5.048
0.068,5.049
0.069,5.050
0.070,5.051
0.071,5.051
0.072,5.052
0.073,5.053
0.074,5.053
0.075,5.054
0.076,5.055
0.077,5.055
0.078,5.056
0.079,5.056
0.080,5.057
0.081,5.058
0.082,5.058
0.083,5.059
0.084,5.060
0.085,5.060
0.086,5.061
0.087,5.061
0.088,5.062
0.089,5.063
0.090,5.063
0.091,5.064
0.092,5.065
0.093,5.065
0.094,5.066
0.095,5.066
0.096,5.067
0.097,5.068
0.098,5.068
0.099,5.069
0.100,5.070
0.101,5.070
0.102,5.071
0.103,5.072
0.104,5.073
0.105,5.073
0.106,5.074
0.107,5.075
0.108,5.075
0.109,5.076
0.110,5.077
0.111,5.078
0.112,5.078
0.113,5.079
0.114,5.080
0.115,5.081
0.116,5.081
0.117,5.082
0.118,5.083
0.119,5.084
0.120,5.084
0.121,5.085
0.122,5.086
0.123,5.087
0.124,5.087
0.125,5.088
0.126,5.089
0.127,5.090
0.128,5.090
0.129,5.091
0.130,5.092
0.131,5.093
0.132,5.093
0.133,5.094
0.134,5.095
0.135,5.096
0.136,5.096
0.137,5.097
0.138,5.098
0.139,5.099
0.140,5.099
0.141,5.100
0.142,5.101
0.143,5.102
0.144,5.102
0.145,5.103
0.146,5.104
0.147,5.104
0.148,5.105
0.149,5.106
0.150,5.107
0.151,5.107
0.152,5.108
0.153,5.109
0.154,5.109
0.155,5.110
0.156,5.111
0.157,5.111
0.158,5.112
0.159,5.113
0.160,5.113
0.161,5.114
0.162,5.114
0.163,5.115
0.164,5.116
0.165,5.116
0.166,5.117
0.167,5.117
0.168,5.118
0.169,5.119
0.170,5.119
0.171,5.120
0.172,5.120
0.173,5.121
0.174,5.121
0.175,5.122
0.176,5.122
0.177,5.123
0.178,5.123
0.179,5.124
0.180,5.124
0.181,5.125
0.182,5.125
0.183,5.126
0.184,5.126
0.185,5.126
0.186,5.127
0.187,5.127
0.188,5.128
0.189,5.128
0.190,5.128
0.191,5.129
0.192,5.129
0.193,5.129
0.194,5.130
0.195,5.130
0.196,5.130
0.197,5.131
0.198,5.131
0.199,5.131
0.200,5.131
0.201,5.132
0.202,5.132
0.203,5.132
0.204,5.132
0.205,5.133
0.206,5.133
0.207,5.133
0.208,5.133
0.209,5.133
0.210,5.134
0.211,5.134
0.212,5.134
0.213,5.134
0.214,5.134
0.215,5.134
0.216,5.134
0.217,5.134
0.218,5.134
0.219,5.134
0.220,5.134
0.221,5.135
0.222,5.135
0.223,5.135
0.224,5.135
0.225,5.135
0.226,5.135
0.227,5.134
0.228,5.134
0.229,5.134
0.230,5.134
0.231,5.134
0.232,5.134
0.233,5.134
0.234,5.134
0.235,5.134
0.236,5.134
0.237,5.133
0.238,5.133
0.239,5.133
0.240,5.133
0.241,5.133
0.242,5.133
0.243,5.132
0.244,5.132
0.245,5.132
0.246,5.132
0.247,5.131
0.248,5.131
0.249,5.131
0.250,5.130
0.251,5.130
0.252,5.130
0.253,5.129
0.254,5.129
0.255,5.129
0.256,5.128
0.257,5.128
0.258,5.128
0.259,5.127
0.260,5.127
0.261,5.126
0.262,5.126
0.263,5.125
0.264,5.125
0.265,5.124
0.266,5.124
0.267,5.123
0.268,5.123
0.269,5.122
0.270,5.122
0.271,5.121
0.272,5.121
0.273,5.120
0.274,5.119
0.275,5.119
0.276,5.118
0.277,5.118
0.278,5.117
0.279,5.116
0.280,5.116
0.281,5.115
0.282,5.114
0.283,5.114
0.284,5.113
0.285,5.112
0.286,5.111
0.287,5.111
0.288,5.110
0.289,5.109
0.290,5.108
0.291,5.107
0.292,5.107
0.293,5.106
0.294,5.105
0.295,5.104
0.296,5.103
0.297,5.102
0.298,5.101
0.299,5.100
0.300,5.099
0.301,5.099
0.302,5.098
0.303,5.097
0.304,5.096
0.305,5.095
0.306,5.094
0.307,5.093
0.308,5.092
0.309,5.091
0.310,5.089
0.311,5.088
0.312,5.087
0.313,5.086
0.314,5.085
0.315,5.084
0.316,5.083
0.317,5.082
0.318,5.081
0.319,5.079
0.320,5.078
0.321,5.077
0.322,5.076
0.323,5.075
0.324,5.073
0.325,5.072
0.326,5.071
0.327,5.069
0.328,5.068
0.329,5.067
0.330,5.066
0.331,5.064
0.332,5.063
0.333,5.061
0.334,5.060
0.335,5.059
0.336,5.057
0.337,5.056
0.338,5.054
0.339,5.053
0.340,5.052
0.341,5.050
0.342,5.049
0.343,5.047
0.344,5.046
0.345,5.044
0.346,5.043
0.347,5.041
0.348,5.039
0.349,5.038
0.350,5.036
0.351,5.035
0.352,5.033
0.353,5.031
0.354,5.030
0.355,5.028
0.356,5.026
0.357,5.025
0.358,5.023
0.359,5.021
0.360,5.020
0.361,5.018
0.362,5.016
0.363,5.014
0.364,5.013
0.365,5.011
0.366,5.009
0.367,5.007
0.368,5.005
0.369,5.003
0.370,5.001
0.371,5.000
0.372,4.998
0.373,4.996
0.374,4.994
0.375,4.993
0.376,4.991
0.377,4.990
0.378,4.989
0.379,4.988
0.380,4.988
0.381,4.987
0.382,4.987
0.383,4.987
0.384,4.987
0.385,4.988
0.386,4.988
0.387,4.989
0.388,4.990
0.389,4.991
0.390,4.993
0.391,4.994
0.392,4.996
0.393,4.998
0.394,5.000
0.395,5.002
0.396,5.004
0.397,5.006
0.398,5.009
0.399,5.011
0.400,5.013
0.401,5.016
0.402,5.018
0.403,5.020
0.404,5.022
0.405,5.025
0.406,5.027
0.407,5.028
0.408,5.030
0.409,5.032
0.410,5.033
0.411,5.035
0.412,5.036
0.413,5.038
0.414,5.039
0.415,5.040
0.416,5.041
0.417,5.041
0.418,5.042
0.419,5.043
0.420,5.043
0.421,5.044
0.422,5.044
0.423,5.045
0.424,5.045
0.425,5.045
0.426,5.045
0.427,5.045
0.428,5.045
0.429,5.045
0.430,5.045
0.431,5.045
0.432,5.044
0.433,5.044
0.434,5.044
0.435,5.044
0.436,5.043
0.437,5.043
0.438,5.043
0.439,5.042
0.440,5.042
0.441,5.041
0.442,5.041
0.443,5.040
0.444,5.040
0.445,5.039
0.446,5.039
0.447,5.038
0.448,5.038
0.449,5.037
0.450,5.037
0.451,5.037
0.452,5.036
0.453,5.036
0.454,5.035
0.455,5.035
0.456,5.034
0.457,5.034
0.458,5.033
0.459,5.033
0.460,5.033
0.461,5.032
0.462,5.032
0.463,5.032
0.464,5.031
0.465,5.031
0.466,5.031
0.467,5.030
0.468,5.030
0.469,5.030
0.470,5.030
0.471,5.029
0.472,5.029
0.473,5.029
0.474,5.029
0.475,5.028
0.476,5.028
0.477,5.028
0.478,5.028
0.479,5.028
0.480,5.028
0.481,5.027
0.482,5.027
0.483,5.027
0.484,5.027
0.485,5.027
0.486,5.027
0.487,5.027
0.488,5.027
0.489,5.027
0.490,5.027
0.491,5.027
0.492,5.027
0.493,5.026
0.494,5.026
0.495,5.026
0.496,5.026
0.497,5.026
0.498,5.026
0.499,5.026
0.500,5.026
0.501,5.026
0.502,5.026
0.503,5.026
0.504,5.026
0.505,5.026
0.506,5.026
0.507,5.026
0.508,5.026
0.509,5.026
0.510,5.026
0.511,5.026
0.512,5.026
0.513,5.026
0.514,5.026
0.515,5.026
0.516,5.026
0.517,5.026
0.518,5.026
0.519,5.026
0.520,5.026
0.521,5.026
0.522,5.025
0.523,5.025
0.524,5.025
0.525,5.025
0.526,5.025
0.527,5.025
0.528,5.025
0.529,5.025
0.530,5.025
0.531,5.025
0.532,5.024
0.533,5.024
0.534,5.024
0.535,5.024
0.536,5.024
0.537,5.024
0.538,5.023
0.539,5.023
0.540,5.023
0.541,5.023
0.542,5.023
0.543,5.022
0.544,5.022
0.545,5.022
0.546,5.022
0.547,5.021
0.548,5.021
0.549,5.021
0.550,5.021
0.551,5.020
0.552,5.020
0.553,5.020
0.554,5.019
0.555,5.019
0.556,5.019
0.557,5.018
0.558,5.018
0.559,5.017
0.560,5.017
0.561,5.017
0.562,5.016
0.563,5.016
0.564,5.015
0.565,5.015
0.566,5.014
0.567,5.014
0.568,5.013
0.569,5.013
0.570,5.012
0.571,5.012
0.572,5.011
0.573,5.011
0.574,5.010
0.575,5.010
0.576,5.009
0.577,5.008
0.578,5.008
0.579,5.007
0.580,5.007
0.581,5.006
0.582,5.005
0.583,5.005
0.584,5.004
0.585,5.003
0.586,5.003
0.587,5.002
0.588,5.001
0.589,5.000
0.590,5.000
0.591,4.999
0.592,4.998
0.593,4.998
0.594,4.997
0.595,4.997
0.596,4.997
0.597,4.997
0.598,4.997
0.599,4.998
0.600,4.998
0.601,4.999
0.602,5.001
0.603,5.002
0.604,5.003
0.605,5.005
0.606,5.007
0.607,5.009
0.608,5.010
0.609,5.012
0.610,5.014
0.611,5.016
0.612,5.018
0.613,5.020
0.614,5.022
0.615,5.024
0.616,5.026
0.617,5.027
0.618,5.029
0.619,5.031
0.620,5.032
0.621,5.034
0.622,5.035
0.623,5.036
0.624,5.038
0.625,5.039
0.626,5.040
0.627,5.041
0.628,5.042
0.629,5.043
0.630,5.044
0.631,5.045
0.632,5.046
0.633,5.046
0.634,5.047
0.635,5.047
0.636,5.048
0.637,5.049
0.638,5.049
0.639,5.049
0.640,5.050
0.641,5.050
0.642,5.050
0.643,5.051
0.644,5.051
0.645,5.051
0.646,5.051
0.647,5.051
0.648,5.051
0.649,5.052
0.650,5.052
0.651,5.052
0.652,5.052
0.653,5.052
0.654,5.052
0.655,5.052
0.656,5.052
0.657,5.052
0.658,5.052
0.659,5.052
0.660,5.051
0.661,5.051
0.662,5.051
0.663,5.051
0.664,5.051
0.665,5.051
0.666,5.051
0.667,5.051
0.668,5.051
0.669,5.051
0.670,5.051
0.671,5.051
0.672,5.051
0.673,5.051
0.674,5.050
0.675,5.050
0.676,5.050
0.677,5.050
0.678,5.050
0.679,5.050
0.680,5.050
0.681,5.050
0.682,5.050
0.683,5.050
0.684,5.050
0.685,5.050
0.686,5.050
0.687,5.050
0.688,5.050
0.689,5.050
0.690,5.050
0.691,5.050
0.692,5.050
0.693,5.050
0.694,5.050
0.695,5.050
0.696,5.050
0.697,5.050
0.698,5.050
0.699,5.050
0.700,5.050
0.701,5.050
0.702,5.050
0.703,5.050
0.704,5.050
0.705,5.050
0.706,5.049
0.707,5.049
0.708,5.049
0.709,5.049
0.710,5.049
0.711,5.049
0.712,5.049
0.713,5.049
0.714,5.049
0.715,5.049
0.716,5.049
0.717,5.049
0.718,5.049
0.719,5.049
0.720,5.049
0.721,5.049
0.722,5.049
0.723,5.049
0.724,5.049
0.725,5.049
0.726,5.049
0.727,5.049
0.728,5.048
0.729,5.048
0.730,5.048
0.731,5.048
0.732,5.048
0.733,5.048
0.734,5.048
0.735,5.048
0.736,5.047
0.737,5.047
0.738,5.047
0.739,5.047
0.740,5.047
0.741,5.047
0.742,5.046
0.743,5.046
0.744,5.046
0.745,5.046
0.746,5.046
0.747,5.045
0.748,5.045
0.749,5.045
0.750,5.044
0.751,5.044
0.752,5.044
0.753,5.044
0.754,5.043
0.755,5.043
0.756,5.043
0.757,5.042
0.758,5.042
0.759,5.042
0.760,5.041
0.761,5.041
0.762,5.040
0.763,5.040
0.764,5.040
0.765,5.039
0.766,5.039
0.767,5.038
0.768,5.038
0.769,5.037
0.770,5.037
0.771,5.037
0.772,5.036
0.773,5.035
0.774,5.035
0.775,5.034
0.776,5.034
0.777,5.033
0.778,5.033
0.779,5.032
0.780,5.032
0.781,5.031
0.782,5.030
0.783,5.030
0.784,5.029
0.785,5.028
0.786,5.028
0.787,5.027
0.788,5.026
0.789,5.026
0.790,5.025
0.791,5.024
0.792,5.024
0.793,5.023
0.794,5.022
0.795,5.021
0.796,5.021
0.797,5.020
0.798,5.019
0.799,5.018
0.800,5.017
0.801,5.016
0.802,5.016
0.803,5.015
0.804,5.014
0.805,5.013
0.806,5.012
0.807,5.011
0.808,5.010
0.809,5.009
0.810,5.008
0.811,5.007
0.812,5.006
0.813,5.005
0.814,5.004
0.815,5.003
0.816,5.002
0.817,5.001
0.818,5.000
0.819,4.999
0.820,4.998
0.821,4.997
0.822,4.996
0.823,4.995
0.824,4.995
0.825,4.994
0.826,4.994
0.827,4.994
0.828,4.994
0.829,4.995
0.830,4.995
0.831,4.996
0.832,4.997
0.833,4.998
0.834,5.000
0.835,5.001
0.836,5.003
0.837,5.005
0.838,5.007
0.839,5.009
0.840,5.011
0.841,5.014
0.842,5.016
0.843,5.018
0.844,5.020
0.845,5.022
0.846,5.024
0.847,5.026
0.848,5.028
0.849,5.030
0.850,5.032
0.851,5.034
0.852,5.036
0.853,5.037
0.854,5.039
0.855,5.040
0.856,5.041
0.857,5.043
0.858,5.044
0.859,5.045
0.860,5.046
0.861,5.047
0.862,5.048
0.863,5.048
0.864,5.049
0.865,5.050
0.866,5.050
0.867,5.051
0.868,5.051
0.869,5.052
0.870,5.052
0.871,5.052
0.872,5.053
0.873,5.053
0.874,5.053
0.875,5.053
0.876,5.053
0.877,5.053
0.878,5.053
0.879,5.054
0.880,5.054
0.881,5.053
0.882,5.053
0.883,5.053
0.884,5.053
0.885,5.053
0.886,5.053
0.887,5.053
0.888,5.053
0.889,5.053
0.890,5.053
0.891,5.053
0.892,5.052
0.893,5.052
0.894,5.052
0.895,5.052
0.896,5.052
0.897,5.052
0.898,5.052
0.899,5.051
0.900,5.051
0.901,5.051
0.902,5.051
0.903,5.051
0.904,5.051
0.905,5.051
0.906,5.051
0.907,5.050
0.908,5.050
0.909,5.050
0.910,5.050
0.911,5.050
0.912,5.050
0.913,5.050
0.914,5.050
0.915,5.050
0.916,5.050
0.917,5.050
0.918,5.050
0.919,5.050
0.920,5.050
0.921,5.050
0.922,5.050
0.923,5.050
0.924,5.050
0.925,5.050
0.926,5.050
0.927,5.050
0.928,5.050
0.929,5.050
0.930,5.050
0.931,5.050
0.932,5.050
0.933,5.050
0.934,5.050
0.935,5.050
0.936,5.050
0.937,5.050
0.938,5.050
0.939,5.050
0.940,5.050
0.941,5.050
0.942,5.050
0.943,5.050
0.944,5.051
0.945,5.051
0.946,5.051
0.947,5.051
0.948,5.051
0.949,5.051
0.950,5.051
0.951,5.051
0.952,5.051
0.953,5.051
0.954,5.051
0.955,5.051
0.956,5.051
0.957,5.051
0.958,5.051
0.959,5.051
0.960,5.051
0.961,5.051
0.962,5.051
0.963,5.051
0.964,5.051
0.965,5.051
0.966,5.051
0.967,5.051
0.968,5.051
0.969,5.051
0.970,5.050
0.971,5.050
0.972,5.050
0.973,5.050
0.974,5.050
0.975,5.050
0.976,5.050
0.977,5.050
0.978,5.050
0.979,5.049
0.980,5.049
0.981,5.049
0.982,5.049
0.983,5.049
0.984,5.049
0.985,5.048
0.986,5.048
0.987,5.048
0.988,5.048
0.989,5.047
0.990,5.047
0.991,5.047
0.992,5.047
0.993,5.046
0.994,5.046
0.995,5.046
0.996,5.046
0.997,5.045
0.998,5.045
0.999,5.045
1.000,5.044
1.001,5.044
1.002,5.043
1.003,5.043
1.004,5.043
1.005,5.042
1.006,5.042
1.007,5.041
1.008,5.041
1.009,5.041
1.010,5.040
1.011,5.040
1.012,5.039
1.013,5.039
1.014,5.038
1.015,5.038
1.016,5.037
1.017,5.036
1.018,5.036
1.019,5.035
1.020,5.035
1.021,5.034
1.022,5.034
1.023,5.033
1.024,5.032
1.025,5.032
1.026,5.031
1.027,5.030
1.028,5.030
1.029,5.029
1.030,5.028
1.031,5.028
1.032,5.027
1.033,5.026
1.034,5.025
1.035,5.025
1.036,5.024
1.037,5.023
1.038,5.022
1.039,5.022
1.040,5.021
1.041,5.020
1.042,5.019
1.043,5.018
1.044,5.017
1.045,5.016
1.046,5.015
1.047,5.015
1.048,5.014
1.049,5.013
1.050,5.012
1.051,5.011
1.052,5.010
1.053,5.009
1.054,5.008
1.055,5.007
1.056,5.006
1.057,5.005
1.058,5.004
1.059,5.003
1.060,5.002
1.061,5.000
1.062,4.999
1.063,4.998
1.064,4.997
1.065,4.996
1.066,4.995
1.067,4.995
1.068,4.994
1.069,4.994
1.070,4.994
1.071,4.994
1.072,4.995
1.073,4.995
1.074,4.996
1.075,4.997
1.076,4.998
1.077,5.000
1.078,5.001
1.079,5.003
1.080,5.005
1.081,5.007
1.082,5.009
1.083,5.011
1.084,5.013
1.085,5.015
1.086,5.018
1.087,5.020
1.088,5.022
1.089,5.024
1.090,5.026
1.091,5.028
1.092,5.030
1.093,5.031
1.094,5.033
1.095,5.035
1.096,5.036
1.097,5.038
1.098,5.039
1.099,5.040
1.100,5.042
1.101,5.043
1.102,5.044
1.103,5.045
1.104,5.046
1.105,5.046
1.106,5.047
1.107,5.048
1.108,5.049
1.109,5.049
1.110,5.050
1.111,5.050
1.112,5.050
1.113,5.051
1.114,5.051
1.115,5.051
1.116,5.051
1.117,5.052
1.118,5.052
1.119,5.052
1.120,5.052
1.121,5.052
1.122,5.052
1.123,5.052
1.124,5.052
1.125,5.052
1.126,5.052
1.127,5.051
1.128,5.051
1.129,5.051
1.130,5.051
1.131,5.051
1.132,5.051
1.133,5.051
1.134,5.050
1.135,5.050
1.136,5.050
1.137,5.050
1.138,5.050
1.139,5.050
1.140,5.049
1.141,5.049
1.142,5.049
1.143,5.049
1.144,5.049
1.145,5.049
1.146,5.048
1.147,5.048
1.148,5.048
1.149,5.048
1.150,5.048
1.151,5.048
1.152,5.048
1.153,5.047
1.154,5.047
1.155,5.047
1.156,5.047
1.157,5.047
1.158,5.047
1.159,5.047
1.160,5.047
1.161,5.047
1.162,5.047
1.163,5.047
1.164,5.047
1.165,5.047
1.166,5.047
1.167,5.047
1.168,5.046
1.169,5.046
1.170,5.046
1.171,5.046
1.172,5.046
1.173,5.046
1.174,5.046
1.175,5.046
1.176,5.046
1.177,5.046
1.178,5.046
1.179,5.046
1.180,5.046
1.181,5.046
1.182,5.046
1.183,5.046
1.184,5.046
1.185,5.046
1.186,5.047
1.187,5.047
1.188,5.047
1.189,5.047
1.190,5.047
1.191,5.047
1.192,5.047
1.193,5.047
1.194,5.047
1.195,5.046
1.196,5.046
1.197,5.046
1.198,5.046
1.199,5.046
1.200,5.046
1.201,5.046
1.202,5.046
1.203,5.046
1.204,5.046
1.205,5.046
1.206,5.046
1.207,5.046
1.208,5.046
1.209,5.046
1.210,5.046
1.211,5.046
1.212,5.046
1.213,5.045
1.214,5.045
1.215,5.045
1.216,5.045
1.217,5.045
1.218,5.045
1.219,5.045
1.220,5.044
1.221,5.044
1.222,5.044
1.223,5.044
1.224,5.044
1.225,5.043
1.226,5.043
1.227,5.043
1.228,5.043
1.229,5.043
1.230,5.042
1.231,5.042
1.232,5.042
1.233,5.041
1.234,5.041
1.235,5.041
1.236,5.041
1.237,5.040
1.238,5.040
1.239,5.039
1.240,5.039
1.241,5.039
1.242,5.038
1.243,5.038
1.244,5.038
1.245,5.037
1.246,5.037
1.247,5.036
1.248,5.036
1.249,5.035
1.250,5.035
1.251,5.034
1.252,5.034
1.253,5.033
1.254,5.033
1.255,5.032
1.256,5.032
1.257,5.031
1.258,5.031
1.259,5.030
1.260,5.030
1.261,5.029
1.262,5.028
1.263,5.028
1.264,5.027
1.265,5.027
1.266,5.026
1.267,5.025
1.268,5.025
1.269,5.024
1.270,5.023
1.271,5.022
1.272,5.022
1.273,5.021
1.274,5.020
1.275,5.019
1.276,5.019
1.277,5.018
1.278,5.017
1.279,5.016
1.280,5.015
1.281,5.015
1.282,5.014
1.283,5.013
1.284,5.012
1.285,5.011
1.286,5.010
1.287,5.009
1.288,5.008
1.289,5.007
1.290,5.006
1.291,5.005
1.292,5.005
1.293,5.004
1.294,5.003
1.295,5.001
1.296,5.000
1.297,4.999
1.298,4.998
1.299,4.997
1.300,4.997
1.301,4.996
1.302,4.995
1.303,4.995
1.304,4.995
1.305,4.995
1.306,4.995
1.307,4.995
1.308,4.996
1.309,4.997
1.310,4.998
1.311,4.999
1.312,5.001
1.313,5.002
1.314,5.004
1.315,5.006
1.316,5.008
1.317,5.010
1.318,5.012
1.319,5.014
1.320,5.016
1.321,5.018
1.322,5.020
1.323,5.022
1.324,5.024
1.325,5.026
1.326,5.028
1.327,5.030
1.328,5.031
1.329,5.033
1.330,5.035
1.331,5.036
1.332,5.037
1.333,5.039
1.334,5.040
1.335,5.041
1.336,5.042
1.337,5.043
1.338,5.044
1.339,5.045
1.340,5.046
1.341,5.046
1.342,5.047
1.343,5.047
1.344,5.048
1.345,5.048
1.346,5.049
1.347,5.049
1.348,5.049
1.349,5.050
1.350,5.050
1.351,5.050
1.352,5.050
1.353,5.050
1.354,5.050
1.355,5.050
1.356,5.050
1.357,5.050
1.358,5.050
1.359,5.050
1.360,5.050
1.361,5.050
1.362,5.050
1.363,5.050
1.364,5.050
1.365,5.050
1.366,5.049
1.367,5.049
1.368,5.049
1.369,5.049
1.370,5.049
1.371,5.049
1.372,5.048
1.373,5.048
1.374,5.048
1.375,5.048
1.376,5.048
1.377,5.047
1.378,5.047
1.379,5.047
1.380,5.047
1.381,5.047
1.382,5.047
1.383,5.047
1.384,5.046
1.385,5.046
1.386,5.046
1.387,5.046
1.388,5.046
1.389,5.046
1.390,5.046
1.391,5.046
1.392,5.045
1.393,5.045
1.394,5.045
1.395,5.045
1.396,5.045
1.397,5.045
1.398,5.045
1.399,5.045
1.400,5.045
1.401,5.045
1.402,5.045
1.403,5.045
1.404,5.045
1.405,5.045
1.406,5.045
1.407,5.044
1.408,5.044
1.409,5.044
1.410,5.044
1.411,5.044
1.412,5.044
1.413,5.044
1.414,5.044
1.415,5.044
1.416,5.044
1.417,5.044
1.418,5.044
1.419,5.044
1.420,5.044
1.421,5.044
1.422,5.044
1.423,5.044
1.424,5.044
1.425,5.044
1.426,5.044
1.427,5.044
1.428,5.044
1.429,5.044
1.430,5.044
1.431,5.044
1.432,5.044
1.433,5.044
1.434,5.043
1.435,5.043
1.436,5.043
1.437,5.043
1.438,5.043
1.439,5.043
1.440,5.043
1.441,5.043
1.442,5.043
1.443,5.043
1.444,5.042
1.445,5.042
1.446,5.042
1.447,5.042
1.448,5.042
1.449,5.042
1.450,5.042
1.451,5.041
1.452,5.041
1.453,5.041
1.454,5.041
1.455,5.041
1.456,5.040
1.457,5.040
1.458,5.040
1.459,5.040
1.460,5.039
1.461,5.039
1.462,5.039
1.463,5.038
1.464,5.038
1.465,5.038
1.466,5.038
1.467,5.037
1.468,5.037
1.469,5.037
1.470,5.036
1.471,5.036
1.472,5.035
1.473,5.035
1.474,5.035
1.475,5.034
1.476,5.034
1.477,5.033
1.478,5.033
1.479,5.032
1.480,5.032
1.481,5.032
1.482,5.031
1.483,5.031
1.484,5.030
1.485,5.030
1.486,5.029
1.487,5.028
1.488,5.028
1.489,5.027
1.490,5.027
1.491,5.026
1.492,5.026
1.493,5.025
1.494,5.024
1.495,5.024
1.496,5.023
1.497,5.022
1.498,5.022
1.499,5.021
1.500,5.020
1.501,5.020
1.502,5.019
1.503,5.018
1.504,5.017
1.505,5.017
1.506,5.016
1.507,5.015
1.508,5.014
1.509,5.013
1.510,5.013
1.511,5.012
1.512,5.011
1.513,5.010
1.514,5.009
1.515,5.008
1.516,5.007
1.517,5.007
1.518,5.006
1.519,5.005
1.520,5.004
1.521,5.003
1.522,5.002
1.523,5.001
1.524,5.000
1.525,4.999
1.526,4.998
1.527,4.997
1.528,4.996
1.529,4.996
1.530,4.996
1.531,4.995
1.532,4.995
1.533,4.996
1.534,4.996
1.535,4.997
1.536,4.998
1.537,4.999
1.538,5.000
1.539,5.002
1.540,5.003
1.541,5.005
1.542,5.007
1.543,5.009
1.544,5.011
1.545,5.013
1.546,5.015
1.547,5.017
1.548,5.019
1.549,5.021
1.550,5.023
1.551,5.024
1.552,5.026
1.553,5.028
1.554,5.029
1.555,5.031
1.556,5.033
1.557,5.034
1.558,5.035
1.559,5.037
1.560,5.038
1.561,5.039
1.562,5.040
1.563,5.041
1.564,5.042
1.565,5.043
1.566,5.043
1.567,5.044
1.568,5.045
1.569,5.045
1.570,5.046
1.571,5.046
1.572,5.047
1.573,5.047
1.574,5.047
1.575,5.047
1.576,5.048
1.577,5.048
1.578,5.048
1.579,5.048
1.580,5.048
1.581,5.048
1.582,5.048
1.583,5.048
1.584,5.048
1.585,5.048
1.586,5.048
1.587,5.048
1.588,5.048
1.589,5.048
1.590,5.047
1.591,5.047
1.592,5.047
1.593,5.047
1.594,5.047
1.595,5.047
1.596,5.046
1.597,5.046
1.598,5.046
1.599,5.046
1.600,5.046
1.601,5.045
1.602,5.045
1.603,5.045
1.604,5.045
1.605,5.045
1.606,5.045
1.607,5.044
1.608,5.044
1.609,5.044
1.610,5.044
1.611,5.044
1.612,5.043
1.613,5.043
1.614,5.043
1.615,5.043
1.616,5.043
1.617,5.043
1.618,5.043
1.619,5.042
1.620,5.042
1.621,5.042
1.622,5.042
1.623,5.042
1.624,5.042
1.625,5.042
1.626,5.042
1.627,5.042
1.628,5.041
1.629,5.041
1.630,5.041
1.631,5.041
1.632,5.041
1.633,5.041
1.634,5.041
1.635,5.041
1.636,5.041
1.637,5.041
1.638,5.041
1.639,5.041
1.640,5.040
1.641,5.040
1.642,5.040
1.643,5.040
1.644,5.040
1.645,5.040
1.646,5.040
1.647,5.040
1.648,5.040
1.649,5.040
1.650,5.040
1.651,5.040
1.652,5.039
1.653,5.039
1.654,5.039
1.655,5.039
1.656,5.039
1.657,5.039
1.658,5.039
1.659,5.039
1.660,5.039
1.661,5.038
1.662,5.038
1.663,5.038
1.664,5.038
1.665,5.038
1.666,5.038
1.667,5.038
1.668,5.037
1.669,5.037
1.670,5.037
1.671,5.037
1.672,5.037
1.673,5.036
1.674,5.036
1.675,5.036
1.676,5.036
1.677,5.036
1.678,5.035
1.679,5.035
1.680,5.035
1.681,5.034
1.682,5.034
1.683,5.034
1.684,5.034
1.685,5.033
1.686,5.033
1.687,5.033
1.688,5.032
1.689,5.032
1.690,5.032
1.691,5.031
1.692,5.031
1.693,5.030
1.694,5.030
1.695,5.030
1.696,5.029
1.697,5.029
1.698,5.028
1.699,5.028
1.700,5.027
1.701,5.027
1.702,5.026
1.703,5.026
1.704,5.025
1.705,5.025
1.706,5.024
1.707,5.024
1.708,5.023
1.709,5.023
1.710,5.022
1.711,5.022
1.712,5.021
1.713,5.020
1.714,5.020
1.715,5.019
1.716,5.019
1.717,5.018
1.718,5.017
1.719,5.017
1.720,5.016
1.721,5.015
1.722,5.014
1.723,5.014
1.724,5.013
1.725,5.012
1.726,5.011
1.727,5.011
1.728,5.010
1.729,5.009
1.730,5.008
1.731,5.007
1.732,5.007
1.733,5.006
1.734,5.005
1.735,5.004
1.736,5.003
1.737,5.002
1.738,5.001
1.739,5.000
1.740,5.000
1.741,4.999
1.742,4.998
1.743,4.997
1.744,4.996
1.745,4.996
1.746,4.996
1.747,4.996
1.748,4.996
1.749,4.996
1.750,4.997
1.751,4.997
1.752,4.998
1.753,4.999
1.754,5.001
1.755,5.002
1.756,5.004
1.757,5.006
1.758,5.008
1.759,5.010
1.760,5.012
1.761,5.014
1.762,5.016
1.763,5.018
1.764,5.020
1.765,5.022
1.766,5.024
1.767,5.026
1.768,5.028
1.769,5.029
1.770,5.031
1.771,5.033
1.772,5.034
1.773,5.036
1.774,5.037
1.775,5.038
1.776,5.040
1.777,5.041
1.778,5.042
1.779,5.043
1.780,5.044
1.781,5.045
1.782,5.046
1.783,5.046
1.784,5.047
1.785,5.048
1.786,5.048
1.787,5.049
1.788,5.049
1.789,5.050
1.790,5.050
1.791,5.050
1.792,5.051
1.793,5.051
1.794,5.051
1.795,5.051
1.796,5.051
1.797,5.051
1.798,5.052
1.799,5.052
1.800,5.052
1.801,5.052
1.802,5.052
1.803,5.052
1.804,5.052
1.805,5.051
1.806,5.051
1.807,5.051
1.808,5.051
1.809,5.051
1.810,5.051
1.811,5.051
1.812,5.051
1.813,5.051
1.814,5.051
1.815,5.050
1.816,5.050
1.817,5.050
1.818,5.050
1.819,5.050
1.820,5.050
1.821,5.050
1.822,5.049
1.823,5.049
1.824,5.049
1.825,5.049
1.826,5.049
1.827,5.049
1.828,5.049
1.829,5.049
1.830,5.049
1.831,5.049
1.832,5.049
1.833,5.048
1.834,5.048
1.835,5.048
1.836,5.048
1.837,5.048
1.838,5.048
1.839,5.048
1.840,5.048
1.841,5.048
1.842,5.048
1.843,5.048
1.844,5.048
1.845,5.048
1.846,5.048
1.847,5.048
1.848,5.048
1.849,5.048
1.850,5.048
1.851,5.048
1.852,5.048
1.853,5.048
1.854,5.048
1.855,5.048
1.856,5.048
1.857,5.048
1.858,5.048
1.859,5.048
1.860,5.048
1.861,5.048
1.862,5.048
1.863,5.048
1.864,5.048
1.865,5.048
1.866,5.048
1.867,5.048
1.868,5.048
1.869,5.048
1.870,5.048
1.871,5.048
1.872,5.048
1.873,5.048
1.874,5.048
1.875,5.047
1.876,5.047
1.877,5.047
1.878,5.047
1.879,5.047
1.880,5.047
1.881,5.047
1.882,5.047
1.883,5.047
1.884,5.047
1.885,5.047
1.886,5.047
1.887,5.046
1.888,5.046
1.889,5.046
1.890,5.046
1.891,5.046
1.892,5.046
1.893,5.046
1.894,5.045
1.895,5.045
1.896,5.045
1.897,5.045
1.898,5.045
1.899,5.044
1.900,5.044
1.901,5.044
1.902,5.044
1.903,5.043
1.904,5.043
1.905,5.043
1.906,5.043
1.907,5.042
1.908,5.042
1.909,5.042
1.910,5.041
1.911,5.041
1.912,5.041
1.913,5.040
1.914,5.040
1.915,5.040
1.916,5.039
1.917,5.039
1.918,5.038
1.919,5.038
1.920,5.038
1.921,5.037
1.922,5.037
1.923,5.036
1.924,5.036
1.925,5.035
1.926,5.035
1.927,5.034
1.928,5.034
1.929,5.033
1.930,5.033
1.931,5.032
1.932,5.032
1.933,5.031
1.934,5.030
1.935,5.030
1.936,5.029
1.937,5.029
1.938,5.028
1.939,5.027
1.940,5.027
1.941,5.026
1.942,5.025
1.943,5.025
1.944,5.024
1.945,5.023
1.946,5.022
1.947,5.022
1.948,5.021
1.949,5.020
1.950,5.019
1.951,5.019
1.952,5.018
1.953,5.017
1.954,5.016
1.955,5.015
1.956,5.014
1.957,5.014
1.958,5.013
1.959,5.012
1.960,5.011
1.961,5.010
1.962,5.009
1.963,5.008
1.964,5.007
1.965,5.006
1.966,5.005
1.967,5.004
1.968,5.003
1.969,5.002
1.970,5.001
1.971,5.000
1.972,4.999
1.973,4.998
1.974,4.997
1.975,4.996
1.976,4.995
1.977,4.995
1.978,4.994
1.979,4.994
1.980,4.994
1.981,4.994
1.982,4.995
1.983,4.995
1.984,4.996
1.985,4.997
1.986,4.999
1.987,5.000
1.988,5.002
1.989,5.003
1.990,5.005
1.991,5.007
1.992,5.009
1.993,5.011
1.994,5.013
1.995,5.015
1.996,5.018
1.997,5.020
1.998,5.022
1.999,5.023
2.000,5.025
2.001,5.027
2.002,5.029
2.003,5.031
2.004,5.032
2.005,5.034
2.006,5.035
2.007,5.036
2.008,5.038
2.009,5.039
2.010,5.040
2.011,5.041
2.012,5.042
2.013,5.043
2.014,5.044
2.015,5.044
2.016,5.045
2.017,5.046
2.018,5.046
2.019,5.047
2.020,5.047
2.021,5.048
2.022,5.048
2.023,5.048
2.024,5.048
2.025,5.049
2.026,5.049
2.027,5.049
2.028,5.049
2.029,5.049
2.030,5.049
2.031,5.049
2.032,5.049
2.033,5.049
2.034,5.049
2.035,5.049
2.036,5.049
2.037,5.049
2.038,5.048
2.039,5.048
2.040,5.048
2.041,5.048
2.042,5.048
2.043,5.048
2.044,5.047
2.045,5.047
2.046,5.047
2.047,5.047
2.048,5.047
2.049,5.046
2.050,5.046
2.051,5.046
2.052,5.046
2.053,5.046
2.054,5.046
2.055,5.045
2.056,5.045
2.057,5.045
2.058,5.045
2.059,5.045
2.060,5.045
2.061,5.044
2.062,5.044
2.063,5.044
2.064,5.044
2.065,5.044
2.066,5.044
2.067,5.044
2.068,5.044
2.069,5.043
2.070,5.043
2.071,5.043
2.072,5.043
2.073,5.043
2.074,5.043
2.075,5.043
2.076,5.043
2.077,5.043
2.078,5.043
2.079,5.043
2.080,5.043
2.081,5.043
2.082,5.042
2.083,5.042
2.084,5.042
2.085,5.042
2.086,5.042
2.087,5.042
2.088,5.042
2.089,5.042
2.090,5.042
2.091,5.042
2.092,5.042
2.093,5.042
2.094,5.042
2.095,5.042
2.096,5.042
2.097,5.042
2.098,5.042
2.099,5.042
2.100,5.042
2.101,5.042
2.102,5.042
2.103,5.041
2.104,5.041
2.105,5.041
2.106,5.041
2.107,5.041
2.108,5.041
2.109,5.041
2.110,5.041
2.111,5.041
2.112,5.041
2.113,5.041
2.114,5.041
2.115,5.040
2.116,5.040
2.117,5.040
2.118,5.040
2.119,5.040
2.120,5.040
2.121,5.040
2.122,5.039
2.123,5.039
2.124,5.039
2.125,5.039
2.126,5.039
2.127,5.038
2.128,5.038
2.129,5.038
2.130,5.038
2.131,5.037
2.132,5.037
2.133,5.037
2.134,5.037
2.135,5.036
2.136,5.036
2.137,5.036
2.138,5.036
2.139,5.035
2.140,5.035
2.141,5.035
2.142,5.034
2.143,5.034
2.144,5.033
2.145,5.033
2.146,5.033
2.147,5.032
2.148,5.032
2.149,5.032
2.150,5.031
2.151,5.031
2.152,5.030
2.153,5.030
2.154,5.029
2.155,5.029
2.156,5.028
2.157,5.028
2.158,5.027
2.159,5.027
2.160,5.026
2.161,5.026
2.162,5.025
2.163,5.025
2.164,5.024
2.165,5.023
2.166,5.023
2.167,5.022
2.168,5.021
2.169,5.021
2.170,5.020
2.171,5.019
2.172,5.019
2.173,5.018
2.174,5.017
2.175,5.017
2.176,5.016
2.177,5.015
2.178,5.014
2.179,5.014
2.180,5.013
2.181,5.012
2.182,5.011
2.183,5.011
2.184,5.010
2.185,5.009
2.186,5.008
2.187,5.007
2.188,5.006
2.189,5.005
2.190,5.004
2.191,5.004
2.192,5.003
2.193,5.002
2.194,5.001
2.195,5.000
2.196,4.999
2.197,4.998
2.198,4.997
2.199,4.996
2.200,4.996
2.201,4.996
2.202,4.996
2.203,4.996
2.204,4.996
2.205,4.996
2.206,4.997
2.207,4.998
2.208,4.999
2.209,5.001
2.210,5.002
2.211,5.004
2.212,5.006
2.213,5.007
2.214,5.009
2.215,5.011
2.216,5.013
2.217,5.015
2.218,5.017
2.219,5.019
2.220,5.021
2.221,5.023
2.222,5.025
2.223,5.027
2.224,5.029
2.225,5.030
2.226,5.032
2.227,5.034
2.228,5.035
2.229,5.036
2.230,5.038
2.231,5.039
2.232,5.040
2.233,5.041
2.234,5.042
2.235,5.043
2.236,5.044
2.237,5.045
2.238,5.045
2.239,5.046
2.240,5.047
2.241,5.047
2.242,5.048
2.243,5.048
2.244,5.048
2.245,5.049
2.246,5.049
2.247,5.049
2.248,5.050
2.249,5.050
2.250,5.050
2.251,5.050
2.252,5.050
2.253,5.050
2.254,5.050
2.255,5.050
2.256,5.050
2.257,5.050
2.258,5.050
2.259,5.050
2.260,5.050
2.261,5.050
2.262,5.049
2.263,5.049
2.264,5.049
2.265,5.049
2.266,5.049
2.267,5.049
2.268,5.049
2.269,5.048
2.270,5.048
2.271,5.048
2.272,5.048
2.273,5.048
2.274,5.048
2.275,5.047
2.276,5.047
2.277,5.047
2.278,5.047
2.279,5.047
2.280,5.047
2.281,5.047
2.282,5.046
2.283,5.046
2.284,5.046
2.285,5.046
2.286,5.046
2.287,5.046
2.288,5.046
2.289,5.046
2.290,5.046
2.291,5.045
2.292,5.045
2.293,5.045
2.294,5.045
2.295,5.045
2.296,5.045
2.297,5.045
2.298,5.045
2.299,5.045
2.300,5.045
2.301,5.045
2.302,5.045
2.303,5.045
2.304,5.045
2.305,5.045
2.306,5.045
2.307,5.044
2.308,5.044
2.309,5.044
2.310,5.044
2.311,5.044
2.312,5.044
2.313,5.044
2.314,5.044
2.315,5.044
2.316,5.044
2.317,5.044
2.318,5.044
2.319,5.044
2.320,5.044
2.321,5.044
2.322,5.044
2.323,5.044
2.324,5.044
2.325,5.044
2.326,5.044
2.327,5.044
2.328,5.043
2.329,5.043
2.330,5.043
2.331,5.043
2.332,5.043
2.333,5.043
2.334,5.043
2.335,5.043
2.336,5.043
2.337,5.043
2.338,5.042
2.339,5.042
2.340,5.042
2.341,5.042
2.342,5.042
2.343,5.042
2.344,5.042
2.345,5.041
2.346,5.041
2.347,5.041
2.348,5.041
2.349,5.041
2.350,5.040
2.351,5.040
2.352,5.040
2.353,5.040
2.354,5.039
2.355,5.039
2.356,5.039
2.357,5.039
2.358,5.038
2.359,5.038
2.360,5.038
2.361,5.037
2.362,5.037
2.363,5.037
2.364,5.036
2.365,5.036
2.366,5.036
2.367,5.035
2.368,5.035
2.369,5.034
2.370,5.034
2.371,5.034
2.372,5.033
2.373,5.033
2.374,5.032
2.375,5.032
2.376,5.031
2.377,5.031
2.378,5.030
2.379,5.030
2.380,5.029
2.381,5.029
2.382,5.028
2.383,5.028
2.384,5.027
2.385,5.026
2.386,5.026
2.387,5.025
2.388,5.025
2.389,5.024
2.390,5.023
2.391,5.023
2.392,5.022
2.393,5.021
2.394,5.021
2.395,5.020
2.396,5.019
2.397,5.019
2.398,5.018
2.399,5.017
2.400,5.016
2.401,5.016
2.402,5.015
2.403,5.014
2.404,5.013
2.405,5.012
2.406,5.012
2.407,5.011
2.408,5.010
2.409,5.009
2.410,5.008
2.411,5.007
2.412,5.006
2.413,5.005
2.414,5.004
2.415,5.004
2.416,5.003
2.417,5.002
2.418,5.001
2.419,5.000
2.420,4.999
2.421,4.998
2.422,4.997
2.423,4.996
2.424,4.996
2.425,4.995
2.426,4.995
2.427,4.995
2.428,4.996
2.429,4.996
2.430,4.997
2.431,4.998
2.432,4.999
2.433,5.000
2.434,5.002
2.435,5.003
2.436,5.005
2.437,5.007
2.438,5.009
2.439,5.011
2.440,5.013
2.441,5.015
2.442,5.017
2.443,5.019
2.444,5.021
2.445,5.022
2.446,5.024
2.447,5.026
2.448,5.028
2.449,5.029
2.450,5.031
2.451,5.032
2.452,5.034
2.453,5.035
2.454,5.036
2.455,5.038
2.456,5.039
2.457,5.040
2.458,5.041
2.459,5.042
2.460,5.042
2.461,5.043
2.462,5.044
2.463,5.045
2.464,5.045
2.465,5.046
2.466,5.046
2.467,5.046
2.468,5.047
2.469,5.047
2.470,5.047
2.471,5.048
2.472,5.048
2.473,5.048
2.474,5.048
2.475,5.048
2.476,5.048
2.477,5.048
2.478,5.048
2.479,5.048
2.480,5.048
2.481,5.048
2.482,5.048
2.483,5.048
2.484,5.048
2.485,5.047
2.486,5.047
2.487,5.047
2.488,5.047
2.489,5.047
2.490,5.047
2.491,5.046
2.492,5.046
2.493,5.046
2.494,5.046
2.495,5.046
2.496,5.045
2.497,5.045
2.498,5.045
2.499,5.045
2.500,5.045
2.501,5.045
2.502,5.044
2.503,5.044
2.504,5.044
2.505,5.044
2.506,5.044
2.507,5.044
2.508,5.043
2.509,5.043
2.510,5.043
2.511,5.043
2.512,5.043
2.513,5.043
2.514,5.043
2.515,5.042
2.516,5.042
2.517,5.042
2.518,5.042
2.519,5.042
2.520,5.042
2.521,5.042
2.522,5.042
2.523,5.042
2.524,5.041
2.525,5.041
2.526,5.041
2.527,5.041
2.528,5.041
2.529,5.041
2.530,5.041
2.531,5.041
2.532,5.041
2.533,5.041
2.534,5.041
2.535,5.041
2.536,5.041
2.537,5.040
2.538,5.040
2.539,5.040
2.540,5.040
2.541,5.040
2.542,5.040
2.543,5.040
2.544,5.040
2.545,5.040
2.546,5.040
2.547,5.040
2.548,5.040
2.549,5.039
2.550,5.039
2.551,5.039
2.552,5.039
2.553,5.039
2.554,5.039
2.555,5.039
2.556,5.039
2.557,5.039
2.558,5.038
2.559,5.038
2.560,5.038
2.561,5.038
2.562,5.038
2.563,5.038
2.564,5.037
2.565,5.037
2.566,5.037
2.567,5.037
2.568,5.037
2.569,5.036
2.570,5.036
2.571,5.036
2.572,5.036
2.573,5.036
2.574,5.035
2.575,5.035
2.576,5.035
2.577,5.034
2.578,5.034
2.579,5.034
2.580,5.034
2.581,5.033
2.582,5.033
2.583,5.033
2.584,5.032
2.585,5.032
2.586,5.032
2.587,5.031
2.588,5.031
2.589,5.030
2.590,5.030
2.591,5.030
2.592,5.029
2.593,5.029
2.594,5.028
2.595,5.028
2.596,5.027
2.597,5.027
2.598,5.026
2.599,5.026
2.600,5.025
2.601,5.025
2.602,5.024
2.603,5.024
2.604,5.023
2.605,5.023
2.606,5.022
2.607,5.021
2.608,5.021
2.609,5.020
2.610,5.020
2.611,5.019
2.612,5.018
2.613,5.018
2.614,5.017
2.615,5.016
2.616,5.016
2.617,5.015
2.618,5.014
2.619,5.013
2.620,5.013
2.621,5.012
2.622,5.011
2.623,5.010
2.624,5.010
2.625,5.009
2.626,5.008
2.627,5.007
2.628,5.006
2.629,5.005
2.630,5.005
2.631,5.004
2.632,5.003
2.633,5.002
2.634,5.001
2.635,5.000
2.636,4.999
2.637,4.998
2.638,4.997
2.639,4.997
2.640,4.996
2.641,4.996
2.642,4.996
2.643,4.996
2.644,4.997
2.645,4.997
2.646,4.998
2.647,4.999
2.648,5.000
2.649,5.001
2.650,5.003
2.651,5.005
2.652,5.006
2.653,5.008
2.654,5.010
2.655,5.012
2.656,5.014
2.657,5.016
2.658,5.018
2.659,5.020
2.660,5.022
2.661,5.024
2.662,5.026
2.663,5.028
2.664,5.030
2.665,5.032
2.666,5.033
2.667,5.035
2.668,5.036
2.669,5.038
2.670,5.039
2.671,5.040
2.672,5.041
2.673,5.043
2.674,5.044
2.675,5.045
2.676,5.045
2.677,5.046
2.678,5.047
2.679,5.048
2.680,5.048
2.681,5.049
2.682,5.049
2.683,5.050
2.684,5.050
2.685,5.051
2.686,5.051
2.687,5.051
2.688,5.052
2.689,5.052
2.690,5.052
2.691,5.052
2.692,5.052
2.693,5.052
2.694,5.052
2.695,5.052
2.696,5.052
2.697,5.052
2.698,5.052
2.699,5.052
2.700,5.052
2.701,5.052
2.702,5.052
2.703,5.052
2.704,5.052
2.705,5.052
2.706,5.052
2.707,5.052
2.708,5.051
2.709,5.051
2.710,5.051
2.711,5.051
2.712,5.051
2.713,5.051
2.714,5.051
2.715,5.051
2.716,5.050
2.717,5.050
2.718,5.050
2.719,5.050
2.720,5.050
2.721,5.050
2.722,5.050
2.723,5.050
2.724,5.050
2.725,5.050
2.726,5.049
2.727,5.049
2.728,5.049
2.729,5.049
2.730,5.049
2.731,5.049
2.732,5.049
2.733,5.049
2.734,5.049
2.735,5.049
2.736,5.049
2.737,5.049
2.738,5.049
2.739,5.049
2.740,5.049
2.741,5.049
2.742,5.049
2.743,5.049
2.744,5.049
2.745,5.049
2.746,5.049
2.747,5.049
2.748,5.049
2.749,5.049
2.750,5.049
2.751,5.049
2.752,5.049
2.753,5.049
2.754,5.049
2.755,5.049
2.756,5.049
2.757,5.049
2.758,5.049
2.759,5.049
2.760,5.049
2.761,5.049
2.762,5.049
2.763,5.049
2.764,5.049
2.765,5.049
2.766,5.049
2.767,5.049
2.768,5.049
2.769,5.049
2.770,5.049
2.771,5.048
2.772,5.048
2.773,5.048
2.774,5.048
2.775,5.048
2.776,5.048
2.777,5.048
2.778,5.048
2.779,5.048
2.780,5.048
2.781,5.048
2.782,5.048
2.783,5.047
2.784,5.047
2.785,5.047
2.786,5.047
2.787,5.047
2.788,5.047
2.789,5.047
2.790,5.046
2.791,5.046
2.792,5.046
2.793,5.046
2.794,5.046
2.795,5.045
2.796,5.045
2.797,5.045
2.798,5.045
2.799,5.044
2.800,5.044
2.801,5.044
2.802,5.043
2.803,5.043
2.804,5.043
2.805,5.043
2.806,5.042
2.807,5.042
2.808,5.042
2.809,5.041
2.810,5.041
2.811,5.040
2.812,5.040
2.813,5.040
2.814,5.039
2.815,5.039
2.816,5.038
2.817,5.038
2.818,5.037
2.819,5.037
2.820,5.037
2.821,5.036
2.822,5.036
2.823,5.035
2.824,5.035
2.825,5.034
2.826,5.033
2.827,5.033
2.828,5.032
2.829,5.032
2.830,5.031
2.831,5.031
2.832,5.030
2.833,5.029
2.834,5.029
2.835,5.028
2.836,5.027
2.837,5.027
2.838,5.026
2.839,5.025
2.840,5.025
2.841,5.024
2.842,5.023
2.843,5.022
2.844,5.022
2.845,5.021
2.846,5.020
2.847,5.019
2.848,5.018
2.849,5.018
2.850,5.017
2.851,5.016
2.852,5.015
2.853,5.014
2.854,5.013
2.855,5.012
2.856,5.011
2.857,5.011
2.858,5.010
2.859,5.009
2.860,5.008
2.861,5.007
2.862,5.006
2.863,5.005
2.864,5.004
2.865,5.003
2.866,5.002
2.867,5.001
2.868,4.999
2.869,4.998
2.870,4.997
2.871,4.997
2.872,4.996
2.873,4.995
2.874,4.995
2.875,4.995
2.876,4.995
2.877,4.995
2.878,4.995
2.879,4.996
2.880,4.997
2.881,4.998
2.882,4.999
2.883,5.000
2.884,5.002
2.885,5.004
2.886,5.006
2.887,5.008
2.888,5.010
2.889,5.012
2.890,5.014
2.891,5.016
2.892,5.018
2.893,5.020
2.894,5.022
2.895,5.024
2.896,5.026
2.897,5.027
2.898,5.029
2.899,5.031
2.900,5.032
2.901,5.034
2.902,5.035
2.903,5.037
2.904,5.038
2.905,5.039
2.906,5.040
2.907,5.041
2.908,5.042
2.909,5.043
2.910,5.044
2.911,5.045
2.912,5.045
2.913,5.046
2.914,5.046
2.915,5.047
2.916,5.047
2.917,5.048
2.918,5.048
2.919,5.048
2.920,5.049
2.921,5.049
2.922,5.049
2.923,5.049
2.924,5.049
2.925,5.049
2.926,5.049
2.927,5.049
2.928,5.049
2.929,5.049
2.930,5.049
2.931,5.049
2.932,5.049
2.933,5.049
2.934,5.048
2.935,5.048
2.936,5.048
2.937,5.048
2.938,5.048
2.939,5.048
2.940,5.047
2.941,5.047
2.942,5.047
2.943,5.047
2.944,5.047
2.945,5.046
2.946,5.046
2.947,5.046
2.948,5.046
2.949,5.046
2.950,5.045
2.951,5.045
2.952,5.045
2.953,5.045
2.954,5.045
2.955,5.045
2.956,5.044
2.957,5.044
2.958,5.044
2.959,5.044
2.960,5.044
2.961,5.044
2.962,5.043
2.963,5.043
2.964,5.043
2.965,5.043
2.966,5.043
2.967,5.043
2.968,5.043
2.969,5.043
2.970,5.043
2.971,5.043
2.972,5.042
2.973,5.042
2.974,5.042
2.975,5.042
2.976,5.042
2.977,5.042
2.978,5.042
2.979,5.042
2.980,5.042
2.981,5.042
2.982,5.042
2.983,5.042
2.984,5.042
2.985,5.042
2.986,5.042
2.987,5.042
2.988,5.042
2.989,5.042
2.990,5.041
2.991,5.041
2.992,5.041
2.993,5.041
2.994,5.041
2.995,5.041
2.996,5.041
2.997,5.041
2.998,5.041
2.999,5.041
3.000,5.041
3.001,5.041
3.002,5.041
3.003,5.041
3.004,5.041
3.005,5.040
3.006,5.040
3.007,5.040
3.008,5.040
3.009,5.040
3.010,5.040
3.011,5.040
3.012,5.040
3.013,5.039
3.014,5.039
3.015,5.039
3.016,5.039
3.017,5.039
3.018,5.039
3.019,5.039
3.020,5.038
3.021,5.038
3.022,5.038
3.023,5.038
3.024,5.037
3.025,5.037
3.026,5.037
3.027,5.037
3.028,5.036
3.029,5.036
3.030,5.036
3.031,5.036
3.032,5.035
3.033,5.035
3.034,5.035
3.035,5.034
3.036,5.034
3.037,5.034
3.038,5.033
3.039,5.033
3.040,5.033
3.041,5.032
3.042,5.032
3.043,5.031
3.044,5.031
3.045,5.031
3.046,5.030
3.047,5.030
3.048,5.029
3.049,5.029
3.050,5.028
3.051,5.028
3.052,5.027
3.053,5.027
3.054,5.026
3.055,5.026
3.056,5.025
3.057,5.025
3.058,5.024
3.059,5.024
3.060,5.023
3.061,5.022
3.062,5.022
3.063,5.021
3.064,5.020
3.065,5.020
3.066,5.019
3.067,5.018
3.068,5.018
3.069,5.017
3.070,5.016
3.071,5.016
3.072,5.015
3.073,5.014
3.074,5.013
3.075,5.013
3.076,5.012
3.077,5.011
3.078,5.010
3.079,5.009
3.080,5.009
3.081,5.008
3.082,5.007
3.083,5.006
3.084,5.005
3.085,5.004
3.086,5.003
3.087,5.002
3.088,5.001
3.089,5.000
3.090,4.999
3.091,4.998
3.092,4.998
3.093,4.997
3.094,4.996
3.095,4.996
3.096,4.995
3.097,4.995
3.098,4.995
3.099,4.996
3.100,4.996
3.101,4.997
3.102,4.998
3.103,4.999
3.104,5.000
3.105,5.002
3.106,5.004
3.107,5.005
3.108,5.007
3.109,5.009
3.110,5.011
3.111,5.013
3.112,5.015
3.113,5.017
3.114,5.019
3.115,5.021
3.116,5.023
3.117,5.025
3.118,5.027
3.119,5.029
3.120,5.030
3.121,5.032
3.122,5.033
3.123,5.035
3.124,5.036
3.125,5.037
3.126,5.039
3.127,5.040
3.128,5.041
3.129,5.042
3.130,5.043
3.131,5.044
3.132,5.045
3.133,5.045
3.134,5.046
3.135,5.047
3.136,5.047
3.137,5.048
3.138,5.048
3.139,5.048
3.140,5.049
3.141,5.049
3.142,5.049
3.143,5.049
3.144,5.050
3.145,5.050
3.146,5.050
3.147,5.050
3.148,5.050
3.149,5.050
3.150,5.050
3.151,5.050
3.152,5.050
3.153,5.050
3.154,5.050
3.155,5.050
3.156,5.050
3.157,5.049
3.158,5.049
3.159,5.049
3.160,5.049
3.161,5.049
3.162,5.049
3.163,5.049
3.164,5.048
3.165,5.048
3.166,5.048
3.167,5.048
3.168,5.048
3.169,5.048
3.170,5.048
3.171,5.047
3.172,5.047
3.173,5.047
3.174,5.047
3.175,5.047
3.176,5.047
3.177,5.047
3.178,5.046
3.179,5.046
3.180,5.046
3.181,5.046
3.182,5.046
3.183,5.046
3.184,5.046
3.185,5.046
3.186,5.046
3.187,5.046
3.188,5.045
3.189,5.045
3.190,5.045
3.191,5.045
3.192,5.045
3.193,5.045
3.194,5.045
3.195,5.045
3.196,5.045
3.197,5.045
3.198,5.045
3.199,5.045
3.200,5.045
3.201,5.045
3.202,5.045
3.203,5.045
3.204,5.045
3.205,5.045
3.206,5.045
3.207,5.045
3.208,5.045
3.209,5.044
3.210,5.044
3.211,5.044
3.212,5.044
3.213,5.044
3.214,5.044
3.215,5.044
3.216,5.044
3.217,5.044
3.218,5.044
3.219,5.044
3.220,5.044
3.221,5.044
3.222,5.044
3.223,5.044
3.224,5.044
3.225,5.044
3.226,5.044
3.227,5.043
3.228,5.043
3.229,5.043
3.230,5.043
3.231,5.043
3.232,5.043
3.233,5.043
3.234,5.043
3.235,5.043
3.236,5.042
3.237,5.042
3.238,5.042
3.239,5.042
3.240,5.042
3.241,5.042
3.242,5.041
3.243,5.041
3.244,5.041
3.245,5.041
3.246,5.041
3.247,5.040
3.248,5.040
3.249,5.040
3.250,5.040
3.251,5.039
3.252,5.039
3.253,5.039
3.254,5.038
3.255,5.038
3.256,5.038
3.257,5.037
3.258,5.037
3.259,5.037
3.260,5.036
3.261,5.036
3.262,5.036
3.263,5.035
3.264,5.035
3.265,5.035
3.266,5.034
3.267,5.034
3.268,5.033
3.269,5.033
3.270,5.032
3.271,5.032
3.272,5.031
3.273,5.031
3.274,5.030
3.275,5.030
3.276,5.029
3.277,5.029
3.278,5.028
3.279,5.028
3.280,5.027
3.281,5.027
3.282,5.026
3.283,5.025
3.284,5.025
3.285,5.024
3.286,5.023
3.287,5.023
3.288,5.022
3.289,5.021
3.290,5.021
3.291,5.020
3.292,5.019
3.293,5.019
3.294,5.018
3.295,5.017
3.296,5.016
3.297,5.016
3.298,5.015
3.299,5.014
3.300,5.013
3.301,5.012
3.302,5.011
3.303,5.011
3.304,5.010
3.305,5.009
3.306,5.008
3.307,5.007
3.308,5.006
3.309,5.005
3.310,5.004
3.311,5.003
3.312,5.002
3.313,5.001
3.314,5.000
3.315,4.999
3.316,4.998
3.317,4.997
3.318,4.997
3.319,4.996
3.320,4.995
3.321,4.995
3.322,4.995
3.323,4.995
3.324,4.995
3.325,4.996
3.326,4.996
3.327,4.997
3.328,4.998
3.329,5.000
3.330,5.001
3.331,5.003
3.332,5.005
3.333,5.007
3.334,5.009
3.335,5.011
3.336,5.013
3.337,5.015
3.338,5.017
3.339,5.019
3.340,5.021
3.341,5.023
3.342,5.025
3.343,5.027
3.344,5.029
3.345,5.031
3.346,5.033
3.347,5.034
3.348,5.036
3.349,5.037
3.350,5.039
3.351,5.040
3.352,5.041
3.353,5.042
3.354,5.044
3.355,5.045
3.356,5.046
3.357,5.046
3.358,5.047
3.359,5.048
3.360,5.049
3.361,5.049
3.362,5.050
3.363,5.050
3.364,5.051
3.365,5.051
3.366,5.051
3.367,5.052
3.368,5.052
3.369,5.052
3.370,5.052
3.371,5.052
3.372,5.053
3.373,5.053
3.374,5.053
3.375,5.053
3.376,5.053
3.377,5.053
3.378,5.053
3.379,5.053
3.380,5.053
3.381,5.053
3.382,5.052
3.383,5.052
3.384,5.052
3.385,5.052
3.386,5.052
3.387,5.052
3.388,5.052
3.389,5.052
3.390,5.051
3.391,5.051
3.392,5.051
3.393,5.051
3.394,5.051
3.395,5.051
3.396,5.051
3.397,5.051
3.398,5.050
3.399,5.050
3.400,5.050
3.401,5.050
3.402,5.050
3.403,5.050
3.404,5.050
3.405,5.050
3.406,5.050
3.407,5.050
3.408,5.049
3.409,5.049
3.410,5.049
3.411,5.049
3.412,5.049
3.413,5.049
3.414,5.049
3.415,5.049
3.416,5.049
3.417,5.049
3.418,5.049
3.419,5.049
3.420,5.049
3.421,5.049
3.422,5.049
3.423,5.049
3.424,5.049
3.425,5.049
3.426,5.049
3.427,5.049
3.428,5.049
3.429,5.049
3.430,5.049
3.431,5.049
3.432,5.049
3.433,5.049
3.434,5.049
3.435,5.049
3.436,5.049
3.437,5.049
3.438,5.049
3.439,5.049
3.440,5.049
3.441,5.049
3.442,5.049
3.443,5.049
3.444,5.049
3.445,5.049
3.446,5.049
3.447,5.049
3.448,5.049
3.449,5.049
3.450,5.049
3.451,5.049
3.452,5.049
3.453,5.049
3.454,5.049
3.455,5.049
3.456,5.049
3.457,5.049
3.458,5.049
3.459,5.049
3.460,5.049
3.461,5.049
3.462,5.049
3.463,5.049
3.464,5.049
3.465,5.049
3.466,5.048
3.467,5.048
3.468,5.048
3.469,5.048
3.470,5.048
3.471,5.048
3.472,5.048
3.473,5.047
3.474,5.047
3.475,5.047
3.476,5.047
3.477,5.047
3.478,5.046
3.479,5.046
3.480,5.046
3.481,5.046
3.482,5.046
3.483,5.045
3.484,5.045
3.485,5.045
3.486,5.044
3.487,5.044
3.488,5.044
3.489,5.044
3.490,5.043
3.491,5.043
3.492,5.042
3.493,5.042
3.494,5.042
3.495,5.041
3.496,5.041
3.497,5.041
3.498,5.040
3.499,5.040
3.500,5.039
3.501,5.039
3.502,5.038
3.503,5.038
3.504,5.037
3.505,5.037
3.506,5.036
3.507,5.036
3.508,5.035
3.509,5.035
3.510,5.034
3.511,5.034
3.512,5.033
3.513,5.033
3.514,5.032
3.515,5.031
3.516,5.031
3.517,5.030
3.518,5.029
3.519,5.029
3.520,5.028
3.521,5.027
3.522,5.027
3.523,5.026
3.524,5.025
3.525,5.025
3.526,5.024
3.527,5.023
3.528,5.022
3.529,5.022
3.530,5.021
3.531,5.020
3.532,5.019
3.533,5.018
3.534,5.017
3.535,5.017
3.536,5.016
3.537,5.015
3.538,5.014
3.539,5.013
3.540,5.012
3.541,5.011
3.542,5.010
3.543,5.009
3.544,5.008
3.545,5.007
3.546,5.006
3.547,5.005
3.548,5.004
3.549,5.003
3.550,5.002
3.551,5.001
3.552,5.000
3.553,4.999
3.554,4.998
3.555,4.997
3.556,4.996
3.557,4.995
3.558,4.995
3.559,4.994
3.560,4.994
3.561,4.994
3.562,4.994
3.563,4.994
3.564,4.995
3.565,4.996
3.566,4.997
3.567,4.998
3.568,5.000
3.569,5.001
3.570,5.003
3.571,5.005
3.572,5.007
3.573,5.009
3.574,5.011
3.575,5.013
3.576,5.015
3.577,5.018
3.578,5.020
3.579,5.022
3.580,5.024
3.581,5.026
3.582,5.028
3.583,5.030
3.584,5.032
3.585,5.033
3.586,5.035
3.587,5.037
3.588,5.038
3.589,5.039
3.590,5.041
3.591,5.042
3.592,5.043
3.593,5.044
3.594,5.045
3.595,5.046
3.596,5.047
3.597,5.048
3.598,5.048
3.599,5.049
3.600,5.050
3.601,5.050
3.602,5.051
3.603,5.051
3.604,5.051
3.605,5.052
3.606,5.052
3.607,5.052
3.608,5.052
3.609,5.052
3.610,5.052
3.611,5.052
3.612,5.053
3.613,5.053
3.614,5.053
3.615,5.052
3.616,5.052
3.617,5.052
3.618,5.052
3.619,5.052
3.620,5.052
3.621,5.052
3.622,5.052
3.623,5.052
3.624,5.052
3.625,5.051
3.626,5.051
3.627,5.051
3.628,5.051
3.629,5.051
3.630,5.051
3.631,5.050
3.632,5.050
3.633,5.050
3.634,5.050
3.635,5.050
3.636,5.050
3.637,5.050
3.638,5.049
3.639,5.049
3.640,5.049
3.641,5.049
3.642,5.049
3.643,5.049
3.644,5.049
3.645,5.049
3.646,5.049
3.647,5.049
3.648,5.048
3.649,5.048
3.650,5.048
3.651,5.048
3.652,5.048
3.653,5.048
3.654,5.048
3.655,5.048
3.656,5.048
3.657,5.048
3.658,5.048
3.659,5.048
3.660,5.048
3.661,5.048
3.662,5.048
3.663,5.048
3.664,5.048
3.665,5.048
3.666,5.048
3.667,5.048
3.668,5.048
3.669,5.048
3.670,5.048
3.671,5.048
3.672,5.048
3.673,5.048
3.674,5.048
3.675,5.048
3.676,5.048
3.677,5.048
3.678,5.049
3.679,5.049
3.680,5.049
3.681,5.049
3.682,5.049
3.683,5.049
3.684,5.049
3.685,5.049
3.686,5.049
3.687,5.049
3.688,5.049
3.689,5.049
3.690,5.049
3.691,5.049
3.692,5.049
3.693,5.049
3.694,5.049
3.695,5.049
3.696,5.049
3.697,5.048
3.698,5.048
3.699,5.048
3.700,5.048
3.701,5.048
3.702,5.048
3.703,5.048
3.704,5.048
3.705,5.048
3.706,5.048
3.707,5.048
3.708,5.048
3.709,5.047
3.710,5.047
3.711,5.047
3.712,5.047
3.713,5.047
3.714,5.047
3.715,5.046
3.716,5.046
3.717,5.046
3.718,5.046
3.719,5.046
3.720,5.045
3.721,5.045
3.722,5.045
3.723,5.045
3.724,5.044
3.725,5.044
3.726,5.044
3.727,5.044
3.728,5.043
3.729,5.043
3.730,5.043
3.731,5.042
3.732,5.042
3.733,5.042
3.734,5.041
3.735,5.041
3.736,5.040
3.737,5.040
3.738,5.040
3.739,5.039
3.740,5.039
3.741,5.038
3.742,5.038
3.743,5.037
3.744,5.037
3.745,5.036
3.746,5.036
3.747,5.035
3.748,5.035
3.749,5.034
3.750,5.034
3.751,5.033
3.752,5.033
3.753,5.032
3.754,5.031
3.755,5.031
3.756,5.030
3.757,5.030
3.758,5.029
3.759,5.028
3.760,5.028
3.761,5.027
3.762,5.026
3.763,5.026
3.764,5.025
3.765,5.024
3.766,5.023
3.767,5.023
3.768,5.022
3.769,5.021
3.770,5.020
3.771,5.019
3.772,5.019
3.773,5.018
3.774,5.017
3.775,5.016
3.776,5.015
3.777,5.014
3.778,5.013
3.779,5.013
3.780,5.012
3.781,5.011
3.782,5.010
3.783,5.009
3.784,5.008
3.785,5.007
3.786,5.006
3.787,5.005
3.788,5.004
3.789,5.003
3.790,5.002
3.791,5.001
3.792,5.000
3.793,4.998
3.794,4.997
3.795,4.997
3.796,4.996
3.797,4.995
3.798,4.995
3.799,4.995
3.800,4.995
3.801,4.995
3.802,4.995
3.803,4.996
3.804,4.997
3.805,4.998
3.806,4.999
3.807,5.000
3.808,5.002
3.809,5.004
3.810,5.006
3.811,5.008
3.812,5.010
3.813,5.012
3.814,5.014
3.815,5.016
3.816,5.018
3.817,5.020
3.818,5.022
3.819,5.024
3.820,5.026
3.821,5.027
3.822,5.029
3.823,5.031
3.824,5.032
3.825,5.034
3.826,5.035
3.827,5.037
3.828,5.038
3.829,5.039
3.830,5.040
3.831,5.041
3.832,5.042
3.833,5.043
3.834,5.044
3.835,5.044
3.836,5.045
3.837,5.046
3.838,5.046
3.839,5.047
3.840,5.047
3.841,5.047
3.842,5.048
3.843,5.048
3.844,5.048
3.845,5.048
3.846,5.049
3.847,5.049
3.848,5.049
3.849,5.049
3.850,5.049
3.851,5.049
3.852,5.049
3.853,5.049
3.854,5.049
3.855,5.048
3.856,5.048
3.857,5.048
3.858,5.048
3.859,5.048
3.860,5.048
3.861,5.048
3.862,5.047
3.863,5.047
3.864,5.047
3.865,5.047
3.866,5.047
3.867,5.046
3.868,5.046
3.869,5.046
3.870,5.046
3.871,5.045
3.872,5.045
3.873,5.045
3.874,5.045
3.875,5.045
3.876,5.045
3.877,5.044
3.878,5.044
3.879,5.044
3.880,5.044
3.881,5.044
3.882,5.043
3.883,5.043
3.884,5.043
3.885,5.043
3.886,5.043
3.887,5.043
3.888,5.043
3.889,5.043
3.890,5.042
3.891,5.042
3.892,5.042
3.893,5.042
3.894,5.042
3.895,5.042
3.896,5.042
3.897,5.042
3.898,5.042
3.899,5.042
3.900,5.041
3.901,5.041
3.902,5.041
3.903,5.041
3.904,5.041
3.905,5.041
3.906,5.041
3.907,5.041
3.908,5.041
3.909,5.041
3.910,5.041
3.911,5.041
3.912,5.041
3.913,5.041
3.914,5.041
3.915,5.041
3.916,5.041
3.917,5.040
3.918,5.040
3.919,5.040
3.920,5.040
3.921,5.040
3.922,5.040
3.923,5.040
3.924,5.040
3.925,5.040
3.926,5.040
3.927,5.040
3.928,5.040
3.929,5.039
3.930,5.039
3.931,5.039
3.932,5.039
3.933,5.039
3.934,5.039
3.935,5.039
3.936,5.039
3.937,5.038
3.938,5.038
3.939,5.038
3.940,5.038
3.941,5.038
3.942,5.038
3.943,5.037
3.944,5.037
3.945,5.037
3.946,5.037
3.947,5.037
3.948,5.036
3.949,5.036
3.950,5.036
3.951,5.036
3.952,5.035
3.953,5.035
3.954,5.035
3.955,5.034
3.956,5.034
3.957,5.034
3.958,5.034
3.959,5.033
3.960,5.033
3.961,5.032
3.962,5.032
3.963,5.032
3.964,5.031
3.965,5.031
3.966,5.031
3.967,5.030
3.968,5.030
3.969,5.029
3.970,5.029
3.971,5.028
3.972,5.028
3.973,5.027
3.974,5.027
3.975,5.026
3.976,5.026
3.977,5.025
3.978,5.025
3.979,5.024
3.980,5.024
3.981,5.023
3.982,5.023
3.983,5.022
3.984,5.021
3.985,5.021
3.986,5.020
3.987,5.020
3.988,5.019
3.989,5.018
3.990,5.018
3.991,5.017
3.992,5.016
3.993,5.015
3.994,5.015
3.995,5.014
3.996,5.013
3.997,5.013
3.998,5.012
3.999,5.011
4.000,5.010
4.001,5.009
4.002,5.009
4.003,5.008
4.004,5.007
4.005,5.006
4.006,5.005
4.007,5.004
4.008,5.003
4.009,5.002
4.010,5.002
4.011,5.001
4.012,5.000
4.013,4.999
4.014,4.998
4.015,4.997
4.016,4.996
4.017,4.996
4.018,4.996
4.019,4.996
4.020,4.996
4.021,4.996
4.022,4.997
4.023,4.997
4.024,4.998
4.025,4.999
4.026,5.001
4.027,5.002
4.028,5.004
4.029,5.006
4.030,5.008
4.031,5.010
4.032,5.012
4.033,5.014
4.034,5.016
4.035,5.018
4.036,5.020
4.037,5.022
4.038,5.024
4.039,5.026
4.040,5.027
4.041,5.029
4.042,5.031
4.043,5.033
4.044,5.034
4.045,5.036
4.046,5.037
4.047,5.038
4.048,5.039
4.049,5.041
4.050,5.042
4.051,5.043
4.052,5.044
4.053,5.045
4.054,5.045
4.055,5.046
4.056,5.047
4.057,5.047
4.058,5.048
4.059,5.048
4.060,5.049
4.061,5.049
4.062,5.050
4.063,5.050
4.064,5.050
4.065,5.050
4.066,5.051
4.067,5.051
4.068,5.051
4.069,5.051
4.070,5.051
4.071,5.051
4.072,5.051
4.073,5.051
4.074,5.051
4.075,5.051
4.076,5.051
4.077,5.051
4.078,5.051
4.079,5.051
4.080,5.051
4.081,5.051
4.082,5.050
4.083,5.050
4.084,5.050
4.085,5.050
4.086,5.050
4.087,5.050
4.088,5.050
4.089,5.049
4.090,5.049
4.091,5.049
4.092,5.049
4.093,5.049
4.094,5.049
4.095,5.049
4.096,5.049
4.097,5.048
4.098,5.048
4.099,5.048
4.100,5.048
4.101,5.048
4.102,5.048
4.103,5.048
4.104,5.048
4.105,5.048
4.106,5.048
4.107,5.047
4.108,5.047
4.109,5.047
4.110,5.047
4.111,5.047
4.112,5.047
4.113,5.047
4.114,5.047
4.115,5.047
4.116,5.047
4.117,5.047
4.118,5.047
4.119,5.047
4.120,5.047
4.121,5.047
4.122,5.047
4.123,5.047
4.124,5.047
4.125,5.047
4.126,5.047
4.127,5.047
4.128,5.047
4.129,5.047
4.130,5.047
4.131,5.047
4.132,5.047
4.133,5.047
4.134,5.047
4.135,5.047
4.136,5.047
4.137,5.047
4.138,5.047
4.139,5.047
4.140,5.046
4.141,5.046
4.142,5.046
4.143,5.046
4.144,5.046
4.145,5.046
4.146,5.046
4.147,5.046
4.148,5.046
4.149,5.046
4.150,5.046
4.151,5.046
4.152,5.046
4.153,5.046
4.154,5.046
4.155,5.045
4.156,5.045
4.157,5.045
4.158,5.045
4.159,5.045
4.160,5.045
4.161,5.045
4.162,5.045
4.163,5.044
4.164,5.044
4.165,5.044
4.166,5.044
4.167,5.044
4.168,5.043
4.169,5.043
4.170,5.043
4.171,5.043
4.172,5.043
4.173,5.042
4.174,5.042
4.175,5.042
4.176,5.041
4.177,5.041
4.178,5.041
4.179,5.041
4.180,5.040
4.181,5.040
4.182,5.040
4.183,5.039
4.184,5.039
4.185,5.039
4.186,5.038
4.187,5.038
4.188,5.037
4.189,5.037
4.190,5.037
4.191,5.036
4.192,5.036
4.193,5.035
4.194,5.035
4.195,5.034
4.196,5.034
4.197,5.033
4.198,5.033
4.199,5.032
4.200,5.032
4.201,5.031
4.202,5.031
4.203,5.030
4.204,5.029
4.205,5.029
4.206,5.028
4.207,5.028
4.208,5.027
4.209,5.026
4.210,5.026
4.211,5.025
4.212,5.024
4.213,5.024
4.214,5.023
4.215,5.022
4.216,5.022
4.217,5.021
4.218,5.020
4.219,5.019
4.220,5.019
4.221,5.018
4.222,5.017
4.223,5.016
4.224,5.015
4.225,5.015
4.226,5.014
4.227,5.013
4.228,5.012
4.229,5.011
4.230,5.010
4.231,5.009
4.232,5.008
4.233,5.008
4.234,5.007
4.235,5.006
4.236,5.005
4.237,5.004
4.238,5.003
4.239,5.002
4.240,5.001
4.241,5.000
4.242,4.999
4.243,4.998
4.244,4.997
4.245,4.996
4.246,4.995
4.247,4.995
4.248,4.995
4.249,4.995
4.250,4.995
4.251,4.996
4.252,4.996
4.253,4.997
4.254,4.998
4.255,5.000
4.256,5.001
4.257,5.003
4.258,5.004
4.259,5.006
4.260,5.008
4.261,5.010
4.262,5.012
4.263,5.015
4.264,5.017
4.265,5.019
4.266,5.021
4.267,5.023
4.268,5.025
4.269,5.027
4.270,5.028
4.271,5.030
4.272,5.032
4.273,5.034
4.274,5.035
4.275,5.037
4.276,5.038
4.277,5.039
4.278,5.040
4.279,5.042
4.280,5.043
4.281,5.044
4.282,5.045
4.283,5.045
4.284,5.046
4.285,5.047
4.286,5.047
4.287,5.048
4.288,5.049
4.289,5.049
4.290,5.049
4.291,5.050
4.292,5.050
4.293,5.050
4.294,5.051
4.295,5.051
4.296,5.051
4.297,5.051
4.298,5.051
4.299,5.051
4.300,5.051
4.301,5.051
4.302,5.051
4.303,5.051
4.304,5.051
4.305,5.051
4.306,5.051
4.307,5.051
4.308,5.051
4.309,5.050
4.310,5.050
4.311,5.050
4.312,5.050
4.313,5.050
4.314,5.050
4.315,5.050
4.316,5.049
4.317,5.049
4.318,5.049
4.319,5.049
4.320,5.049
4.321,5.049
4.322,5.048
4.323,5.048
4.324,5.048
4.325,5.048
4.326,5.048
4.327,5.048
4.328,5.048
4.329,5.047
4.330,5.047
4.331,5.047
4.332,5.047
4.333,5.047
4.334,5.047
4.335,5.047
4.336,5.047
4.337,5.047
4.338,5.046
4.339,5.046
4.340,5.046
4.341,5.046
4.342,5.046
4.343,5.046
4.344,5.046
4.345,5.046
4.346,5.046
4.347,5.046
4.348,5.046
4.349,5.046
4.350,5.046
4.351,5.046
4.352,5.046
4.353,5.046
4.354,5.046
4.355,5.046
4.356,5.046
4.357,5.046
4.358,5.046
4.359,5.046
4.360,5.046
4.361,5.046
4.362,5.046
4.363,5.046
4.364,5.046
4.365,5.046
4.366,5.046
4.367,5.046
4.368,5.046
4.369,5.046
4.370,5.046
4.371,5.046
4.372,5.046
4.373,5.045
4.374,5.045
4.375,5.045
4.376,5.045
4.377,5.045
4.378,5.045
4.379,5.045
4.380,5.045
4.381,5.045
4.382,5.045
4.383,5.045
4.384,5.045
4.385,5.045
4.386,5.045
4.387,5.044
4.388,5.044
4.389,5.044
4.390,5.044
4.391,5.044
4.392,5.044
4.393,5.044
4.394,5.044
4.395,5.043
4.396,5.043
4.397,5.043
4.398,5.043
4.399,5.043
4.400,5.042
4.401,5.042
4.402,5.042
4.403,5.042
4.404,5.041
4.405,5.041
4.406,5.041
4.407,5.041
4.408,5.040
4.409,5.040
4.410,5.040
4.411,5.039
4.412,5.039
4.413,5.039
4.414,5.038
4.415,5.038
4.416,5.038
4.417,5.037
4.418,5.037
4.419,5.037
4.420,5.036
4.421,5.036
4.422,5.035
4.423,5.035
4.424,5.034
4.425,5.034
4.426,5.033
4.427,5.033
4.428,5.032
4.429,5.032
4.430,5.031
4.431,5.031
4.432,5.030
4.433,5.030
4.434,5.029
4.435,5.029
4.436,5.028
4.437,5.027
4.438,5.027
4.439,5.026
4.440,5.026
4.441,5.025
4.442,5.024
4.443,5.024
4.444,5.023
4.445,5.022
4.446,5.022
4.447,5.021
4.448,5.020
4.449,5.019
4.450,5.019
4.451,5.018
4.452,5.017
4.453,5.016
4.454,5.015
4.455,5.015
4.456,5.014
4.457,5.013
4.458,5.012
4.459,5.011
4.460,5.010
4.461,5.009
4.462,5.009
4.463,5.008
4.464,5.007
4.465,5.006
4.466,5.005
4.467,5.004
4.468,5.003
4.469,5.002
4.470,5.001
4.471,5.000
4.472,4.999
4.473,4.998
4.474,4.997
4.475,4.996
4.476,4.996
4.477,4.995
4.478,4.995
4.479,4.995
4.480,4.995
4.481,4.996
4.482,4.997
4.483,4.997
4.484,4.999
4.485,5.000
4.486,5.001
4.487,5.003
4.488,5.005
4.489,5.007
4.490,5.009
4.491,5.011
4.492,5.013
4.493,5.015
4.494,5.017
4.495,5.019
4.496,5.021
4.497,5.023
4.498,5.025
4.499,5.027
4.500,5.029
4.501,5.031
4.502,5.032
4.503,5.034
4.504,5.036
4.505,5.037
4.506,5.038
4.507,5.040
4.508,5.041
4.509,5.042
4.510,5.043
4.511,5.044
4.512,5.045
4.513,5.046
4.514,5.047
4.515,5.047
4.516,5.048
4.517,5.049
4.518,5.049
4.519,5.050
4.520,5.050
4.521,5.051
4.522,5.051
4.523,5.051
4.524,5.051
4.525,5.052
4.526,5.052
4.527,5.052
4.528,5.052
4.529,5.052
4.530,5.052
4.531,5.052
4.532,5.052
4.533,5.052
4.534,5.052
4.535,5.052
4.536,5.052
4.537,5.052
4.538,5.052
4.539,5.051
4.540,5.051
4.541,5.051
4.542,5.051
4.543,5.051
4.544,5.051
4.545,5.051
4.546,5.050
4.547,5.050
4.548,5.050
4.549,5.050
4.550,5.050
4.551,5.050
4.552,5.049
4.553,5.049
4.554,5.049
4.555,5.049
4.556,5.049
4.557,5.049
4.558,5.049
4.559,5.049
4.560,5.048
4.561,5.048
4.562,5.048
4.563,5.048
4.564,5.048
4.565,5.048
4.566,5.048
4.567,5.048
4.568,5.048
4.569,5.048
4.570,5.048
4.571,5.048
4.572,5.048
4.573,5.048
4.574,5.047
4.575,5.047
4.576,5.047
4.577,5.047
4.578,5.047
4.579,5.047
4.580,5.047
4.581,5.047
4.582,5.047
4.583,5.047
4.584,5.047
4.585,5.047
4.586,5.047
4.587,5.047
4.588,5.047
4.589,5.047
4.590,5.047
4.591,5.047
4.592,5.047
4.593,5.047
4.594,5.047
4.595,5.047
4.596,5.047
4.597,5.047
4.598,5.047
4.599,5.047
4.600,5.047
4.601,5.047
4.602,5.047
4.603,5.047
4.604,5.047
4.605,5.047
4.606,5.047
4.607,5.047
4.608,5.047
4.609,5.047
4.610,5.047
4.611,5.047
4.612,5.047
4.613,5.047
4.614,5.047
4.615,5.047
4.616,5.046
4.617,5.046
4.618,5.046
4.619,5.046
4.620,5.046
4.621,5.046
4.622,5.046
4.623,5.046
4.624,5.045
4.625,5.045
4.626,5.045
4.627,5.045
4.628,5.045
4.629,5.045
4.630,5.044
4.631,5.044
4.632,5.044
4.633,5.044
4.634,5.044
4.635,5.043
4.636,5.043
4.637,5.043
4.638,5.042
4.639,5.042
4.640,5.042
4.641,5.042
4.642,5.041
4.643,5.041
4.644,5.041
4.645,5.040
4.646,5.040
4.647,5.040
4.648,5.039
4.649,5.039
4.650,5.038
4.651,5.038
4.652,5.038
4.653,5.037
4.654,5.037
4.655,5.036
4.656,5.036
4.657,5.035
4.658,5.035
4.659,5.034
4.660,5.034
4.661,5.033
4.662,5.033
4.663,5.032
4.664,5.032
4.665,5.031
4.666,5.031
4.667,5.030
4.668,5.029
4.669,5.029
4.670,5.028
4.671,5.028
4.672,5.027
4.673,5.026
4.674,5.026
4.675,5.025
4.676,5.024
4.677,5.023
4.678,5.023
4.679,5.022
4.680,5.021
4.681,5.021
4.682,5.020
4.683,5.019
4.684,5.018
4.685,5.017
4.686,5.017
4.687,5.016
4.688,5.015
4.689,5.014
4.690,5.013
4.691,5.012
4.692,5.011
4.693,5.011
4.694,5.010
4.695,5.009
4.696,5.008
4.697,5.007
4.698,5.006
4.699,5.005
4.700,5.004
4.701,5.003
4.702,5.002
4.703,5.001
4.704,5.000
4.705,4.999
4.706,4.998
4.707,4.997
4.708,4.996
4.709,4.995
4.710,4.995
4.711,4.995
4.712,4.995
4.713,4.995
4.714,4.996
4.715,4.996
4.716,4.997
4.717,4.998
4.718,4.999
4.719,5.001
4.720,5.002
4.721,5.004
4.722,5.006
4.723,5.008
4.724,5.010
4.725,5.012
4.726,5.014
4.727,5.016
4.728,5.018
4.729,5.021
4.730,5.023
4.731,5.024
4.732,5.026
4.733,5.028
4.734,5.030
4.735,5.032
4.736,5.033
4.737,5.035
4.738,5.036
4.739,5.038
4.740,5.039
4.741,5.040
4.742,5.041
4.743,5.042
4.744,5.043
4.745,5.044
4.746,5.045
4.747,5.046
4.748,5.046
4.749,5.047
4.750,5.048
4.751,5.048
4.752,5.048
4.753,5.049
4.754,5.049
4.755,5.050
4.756,5.050
4.757,5.050
4.758,5.050
4.759,5.050
4.760,5.050
4.761,5.050
4.762,5.050
4.763,5.050
4.764,5.050
4.765,5.050
4.766,5.050
4.767,5.050
4.768,5.050
4.769,5.050
4.770,5.050
4.771,5.050
4.772,5.050
4.773,5.049
4.774,5.049
4.775,5.049
4.776,5.049
4.777,5.049
4.778,5.049
4.779,5.048
4.780,5.048
4.781,5.048
4.782,5.048
4.783,5.048
4.784,5.048
4.785,5.047
4.786,5.047
4.787,5.047
4.788,5.047
4.789,5.047
4.790,5.047
4.791,5.046
4.792,5.046
4.793,5.046
4.794,5.046
4.795,5.046
4.796,5.046
4.797,5.046
4.798,5.046
4.799,5.045
4.800,5.045
4.801,5.045
4.802,5.045
4.803,5.045
4.804,5.045
4.805,5.045
4.806,5.045
4.807,5.045
4.808,5.045
4.809,5.045
4.810,5.045
4.811,5.045
4.812,5.045
4.813,5.045
4.814,5.044
4.815,5.044
4.816,5.044
4.817,5.044
4.818,5.044
4.819,5.044
4.820,5.044
4.821,5.044
4.822,5.044
4.823,5.044
4.824,5.044
4.825,5.044
4.826,5.044
4.827,5.044
4.828,5.044
4.829,5.044
4.830,5.044
4.831,5.044
4.832,5.044
4.833,5.044
4.834,5.044
4.835,5.044
4.836,5.044
4.837,5.044
4.838,5.044
4.839,5.044
4.840,5.044
4.841,5.043
4.842,5.043
4.843,5.043
4.844,5.043
4.845,5.043
4.846,5.043
4.847,5.043
4.848,5.043
4.849,5.043
4.850,5.043
4.851,5.042
4.852,5.042
4.853,5.042
4.854,5.042
4.855,5.042
4.856,5.042
4.857,5.041
4.858,5.041
4.859,5.041
4.860,5.041
4.861,5.041
4.862,5.040
4.863,5.040
4.864,5.040
4.865,5.040
4.866,5.039
4.867,5.039
4.868,5.039
4.869,5.039
4.870,5.038
4.871,5.038
4.872,5.038
4.873,5.037
4.874,5.037
4.875,5.037
4.876,5.036
4.877,5.036
4.878,5.036
4.879,5.035
4.880,5.035
4.881,5.034
4.882,5.034
4.883,5.034
4.884,5.033
4.885,5.033
4.886,5.032
4.887,5.032
4.888,5.031
4.889,5.031
4.890,5.030
4.891,5.030
4.892,5.029
4.893,5.029
4.894,5.028
4.895,5.028
4.896,5.027
4.897,5.027
4.898,5.026
4.899,5.025
4.900,5.025
4.901,5.024
4.902,5.023
4.903,5.023
4.904,5.022
4.905,5.021
4.906,5.021
4.907,5.020
4.908,5.019
4.909,5.019
4.910,5.018
4.911,5.017
4.912,5.016
4.913,5.016
4.914,5.015
4.915,5.014
4.916,5.013
4.917,5.012
4.918,5.012
4.919,5.011
4.920,5.010
4.921,5.009
4.922,5.008
4.923,5.007
4.924,5.006
4.925,5.005
4.926,5.004
4.927,5.003
4.928,5.003
4.929,5.002
4.930,5.001
4.931,5.000
4.932,4.999
4.933,4.998
4.934,4.997
4.935,4.996
4.936,4.996
4.937,4.995
4.938,4.995
4.939,4.995
4.940,4.995
4.941,4.996
4.942,4.997
4.943,4.998
4.944,4.999
4.945,5.000
4.946,5.001
4.947,5.003
4.948,5.005
4.949,5.007
4.950,5.009
4.951,5.011
4.952,5.013
4.953,5.015
4.954,5.017
4.955,5.019
4.956,5.021
4.957,5.024
4.958,5.026
4.959,5.027
4.960,5.029
4.961,5.031
4.962,5.033
4.963,5.034
4.964,5.036
4.965,5.038
4.966,5.039
4.967,5.040
4.968,5.042
4.969,5.043
4.970,5.044
4.971,5.045
4.972,5.046
4.973,5.047
4.974,5.047
4.975,5.048
4.976,5.049
4.977,5.049
4.978,5.050
4.979,5.051
4.980,5.051
4.981,5.051
4.982,5.052
4.983,5.052
4.984,5.052
4.985,5.052
4.986,5.053
4.987,5.053
4.988,5.053
4.989,5.053
4.990,5.053
4.991,5.053
4.992,5.053
4.993,5.053
4.994,5.053
4.995,5.053
4.996,5.053
4.997,5.053
4.998,5.053
4.999,5.053
5.000,5.053
5.001,5.052
5.002,5.052
5.003,5.052
5.004,5.052
5.005,5.052
5.006,5.052
5.007,5.052
5.008,5.052
5.009,5.051
5.010,5.051
5.011,5.051
5.012,5.051
5.013,5.051
5.014,5.051
5.015,5.051
