0.000,0.250,0.500,0.750,1.000
0.001,-0.225,-1.146,1.389,0.000
0.001,-0.585,60.712,706.475,0.000
0.002,-0.706,60.983,710.703,0.000
0.002,-0.831,61.233,714.738,0.000
0.003,-0.961,61.462,718.587,0.000
0.003,-1.094,61.671,722.258,0.000
0.004,-1.230,61.861,725.758,0.000
0.004,-1.371,62.033,729.092,0.000
0.005,-1.514,62.188,732.268,0.000
0.005,-1.661,62.326,735.292,0.000
0.006,-1.810,62.448,738.169,0.000
0.006,-1.963,62.555,740.905,0.000
0.007,-2.118,62.646,743.507,0.000
0.007,-2.276,62.724,745.978,0.000
0.008,-2.436,62.789,748.325,0.000
0.008,-2.598,62.840,750.552,0.000
0.009,-2.763,62.880,752.665,0.000
0.009,-2.929,62.907,754.667,0.000
0.010,-3.097,62.924,756.564,0.000
0.010,-3.268,62.929,758.359,0.000
0.011,-3.439,62.924,760.056,0.000
0.011,-3.613,62.910,761.661,0.000
0.012,-3.787,62.886,763.176,0.000
0.012,-3.964,62.853,764.606,0.000
0.013,-4.141,62.812,765.953,0.000
0.013,-4.320,62.762,767.222,0.000
0.014,-4.499,62.705,768.416,0.000
0.014,-4.680,62.640,769.538,0.000
0.015,-4.862,62.568,770.591,0.000
0.015,-5.044,62.490,771.578,0.000
0.016,-5.227,62.405,772.502,0.000
0.016,-5.411,62.314,773.366,0.000
0.017,-5.596,62.217,774.172,0.000
0.017,-5.782,62.115,774.923,0.000
0.018,-5.967,62.008,775.622,0.000
0.018,-6.154,61.895,776.270,0.000
0.019,-6.341,61.778,776.871,0.000
0.019,-6.528,61.657,777.426,0.000
0.020,-6.716,61.531,777.937,0.000
0.020,-6.904,61.401,778.408,0.000
0.021,-7.093,61.267,778.838,0.000
0.021,-7.281,61.130,779.231,0.000
0.022,-7.470,60.989,779.588,0.000
0.022,-7.660,60.845,779.911,0.000
0.023,-7.849,60.697,780.202,0.000
0.023,-8.039,60.547,780.462,0.000
0.024,-8.229,60.394,780.693,0.000
0.024,-8.419,60.239,780.896,0.000
0.025,-8.609,60.081,781.073,0.000
0.025,-8.799,59.920,781.225,0.000
0.026,-8.989,59.758,781.353,0.000
0.026,-9.180,59.593,781.459,0.000
0.027,-9.370,59.426,781.543,0.000
0.027,-9.561,59.258,781.608,0.000
0.028,-9.752,59.087,781.654,0.000
0.028,-9.943,58.915,781.682,0.000
0.029,-10.133,58.742,781.694,0.000
0.029,-10.324,58.566,781.689,0.000
0.030,-10.515,58.390,781.670,0.000
0.030,-10.707,58.212,781.637,0.000
0.031,-10.898,58.033,781.590,0.000
0.031,-11.089,57.853,781.532,0.000
0.032,-11.281,57.671,781.462,0.000
0.032,-11.472,57.489,781.381,0.000
0.033,-11.664,57.305,781.290,0.000
0.033,-11.855,57.121,781.190,0.000
0.034,-12.047,56.936,781.081,0.000
0.034,-12.239,56.749,780.964,0.000
0.035,-12.431,56.562,780.840,0.000
0.035,-12.624,56.375,780.709,0.000
0.036,-12.816,56.186,780.572,0.000
0.036,-13.009,55.997,780.428,0.000
0.037,-13.202,55.807,780.280,0.000
0.037,-13.395,55.617,780.127,0.000
0.038,-13.588,55.426,779.969,0.000
0.038,-13.782,55.234,779.807,0.000
0.039,-13.975,55.042,779.642,0.000
0.039,-14.169,54.849,779.474,0.000
0.040,-14.364,54.656,779.303,0.000
0.040,-14.558,54.462,779.129,0.000
0.041,-14.753,54.268,778.953,0.000
0.041,-14.948,54.073,778.776,0.000
0.042,-15.144,53.878,778.597,0.000
0.042,-15.340,53.683,778.417,0.000
0.043,-15.536,53.487,778.236,0.000
0.043,-15.733,53.290,778.054,0.000
0.044,-15.930,53.093,777.872,0.000
0.044,-16.128,52.896,777.689,0.000
0.045,-16.325,52.699,777.507,0.000
0.045,-16.524,52.501,777.324,0.000
0.046,-16.723,52.302,777.142,0.000
0.046,-16.922,52.103,776.961,0.000
0.047,-17.122,51.904,776.780,0.000
0.047,-17.322,51.704,776.600,0.000
0.048,-17.523,51.504,776.422,0.000
0.048,-17.724,51.304,776.244,0.000
0.049,-17.926,51.103,776.067,0.000
0.049,-18.129,50.902,775.892,0.000
0.050,-18.332,50.700,775.719,0.000
0.050,-18.536,50.498,775.547,0.000
0.051,-18.740,50.296,775.377,0.000
0.051,-18.945,50.093,775.209,0.000
0.052,-19.151,49.890,775.042,0.000
0.052,-19.357,49.686,774.878,0.000
0.053,-19.564,49.482,774.715,0.000
0.053,-19.772,49.278,774.555,0.000
0.054,-19.980,49.073,774.396,0.000
0.054,-20.189,48.867,774.240,0.000
0.055,-20.399,48.661,774.086,0.000
0.055,-20.609,48.455,773.935,0.000
0.056,-20.820,48.248,773.785,0.000
0.056,-21.032,48.041,773.638,0.000
0.057,-21.245,47.833,773.494,0.000
0.057,-21.458,47.625,773.352,0.000
0.058,-21.672,47.416,773.212,0.000
0.058,-21.887,47.206,773.075,0.000
0.059,-22.103,46.997,772.940,0.000
0.059,-22.320,46.786,772.807,0.000
0.060,-22.537,46.575,772.677,0.000
0.060,-22.756,46.364,772.550,0.000
0.061,-22.975,46.152,772.425,0.000
0.061,-23.195,45.940,772.302,0.000
0.062,-23.415,45.727,772.182,0.000
0.062,-23.637,45.513,772.065,0.000
0.063,-23.860,45.299,771.950,0.000
0.063,-24.083,45.084,771.837,0.000
0.064,-24.307,44.869,771.727,0.000
0.064,-24.532,44.653,771.619,0.000
0.065,-24.758,44.436,771.513,0.000
0.065,-24.985,44.219,771.410,0.000
0.066,-25.213,44.002,771.310,0.000
0.066,-25.442,43.783,771.211,0.000
0.067,-25.671,43.564,771.115,0.000
0.067,-25.902,43.345,771.022,0.000
0.068,-26.133,43.125,770.930,0.000
0.068,-26.365,42.904,770.841,0.000
0.069,-26.599,42.682,770.754,0.000
0.069,-26.833,42.460,770.670,0.000
0.070,-27.068,42.238,770.587,0.000
0.070,-27.304,42.014,770.507,0.000
0.071,-27.541,41.790,770.429,0.000
0.071,-27.778,41.566,770.353,0.000
0.072,-28.017,41.340,770.279,0.000
0.072,-28.257,41.114,770.207,0.000
0.073,-28.498,40.888,770.137,0.000
0.073,-28.739,40.660,770.069,0.000
0.074,-28.982,40.432,770.004,0.000
0.074,-29.225,40.203,769.940,0.000
0.075,-29.469,39.974,769.878,0.000
0.075,-29.714,39.744,769.818,0.000
0.076,-29.961,39.513,769.759,0.000
0.076,-30.208,39.282,769.703,0.000
0.077,-30.456,39.050,769.648,0.000
0.077,-30.705,38.817,769.595,0.000
0.078,-30.955,38.584,769.544,0.000
0.078,-31.205,38.350,769.495,0.000
0.079,-31.457,38.115,769.447,0.000
0.079,-31.710,37.879,769.401,0.000
0.080,-31.963,37.643,769.356,0.000
0.080,-32.218,37.406,769.313,0.000
0.081,-32.473,37.169,769.272,0.000
0.081,-32.729,36.930,769.232,0.000
0.082,-32.986,36.691,769.194,0.000
0.082,-33.244,36.452,769.157,0.000
0.083,-33.503,36.211,769.121,0.000
0.083,-33.763,35.970,769.087,0.000
0.084,-34.024,35.729,769.055,0.000
0.084,-34.285,35.486,769.023,0.000
0.085,-34.548,35.243,768.993,0.000
0.085,-34.811,35.000,768.965,0.000
0.086,-35.075,34.755,768.937,0.000
0.086,-35.340,34.510,768.911,0.000
0.087,-35.606,34.264,768.886,0.000
0.087,-35.873,34.018,768.863,0.000
0.088,-36.141,33.771,768.840,0.000
0.088,-36.409,33.523,768.819,0.000
0.089,-36.679,33.275,768.798,0.000
0.089,-36.949,33.026,768.779,0.000
0.090,-37.220,32.776,768.761,0.000
0.090,-37.491,32.526,768.744,0.000
0.091,-37.764,32.275,768.728,0.000
0.091,-38.037,32.023,768.713,0.000
0.092,-38.311,31.771,768.699,0.000
0.092,-38.586,31.518,768.686,0.000
0.093,-38.862,31.264,768.674,0.000
0.093,-39.139,31.010,768.663,0.000
0.094,-39.416,30.755,768.653,0.000
0.094,-39.694,30.499,768.643,0.000
0.095,-39.973,30.243,768.635,0.000
0.095,-40.253,29.987,768.627,0.000
0.096,-40.533,29.729,768.620,0.000
0.096,-40.814,29.471,768.614,0.000
0.097,-41.096,29.213,768.609,0.000
0.097,-41.379,28.954,768.604,0.000
0.098,-41.662,28.694,768.600,0.000
0.098,-41.946,28.434,768.597,0.000
0.099,-42.230,28.173,768.595,0.000
0.099,-42.516,27.912,768.593,0.000
0.100,-42.802,27.650,768.592,0.000
0.100,-43.089,27.387,768.592,0.000
0.101,-43.376,27.124,768.592,0.000
0.101,-43.664,26.860,768.593,0.000
0.102,-43.953,26.596,768.595,0.000
0.102,-44.243,26.331,768.597,0.000
0.103,-44.533,26.066,768.600,0.000
0.103,-44.823,25.800,768.603,0.000
0.104,-45.115,25.534,768.607,0.000
0.104,-45.407,25.267,768.611,0.000
0.105,-45.699,25.000,768.616,0.000
0.105,-45.992,24.732,768.622,0.000
0.106,-46.286,24.463,768.628,0.000
0.106,-46.581,24.194,768.634,0.000
0.107,-46.876,23.925,768.641,0.000
0.107,-47.171,23.655,768.648,0.000
0.108,-47.467,23.385,768.656,0.000
0.108,-47.764,23.114,768.665,0.000
0.109,-48.061,22.843,768.673,0.000
0.109,-48.359,22.571,768.682,0.000
0.110,-48.657,22.299,768.692,0.000
0.110,-48.956,22.026,768.702,0.000
0.111,-49.255,21.753,768.712,0.000
0.111,-49.555,21.480,768.723,0.000
0.112,-49.856,21.206,768.734,0.000
0.112,-50.156,20.932,768.745,0.000
0.113,-50.458,20.657,768.757,0.000
0.113,-50.759,20.382,768.769,0.000
0.114,-51.062,20.106,768.782,0.000
0.114,-51.364,19.830,768.795,0.000
0.115,-51.668,19.554,768.808,0.000
0.115,-51.971,19.277,768.821,0.000
0.116,-52.275,19.000,768.835,0.000
0.116,-52.580,18.723,768.849,0.000
0.117,-52.885,18.445,768.863,0.000
0.117,-53.190,18.167,768.878,0.000
0.118,-53.496,17.889,768.892,0.000
0.118,-53.802,17.610,768.907,0.000
0.119,-54.108,17.331,768.923,0.000
0.119,-54.415,17.052,768.938,0.000
0.120,-54.722,16.772,768.954,0.000
0.120,-55.030,16.492,768.970,0.000
0.121,-55.338,16.211,768.987,0.000
0.121,-55.646,15.931,769.003,0.000
0.122,-55.955,15.650,769.020,0.000
0.122,-56.264,15.369,769.037,0.000
0.123,-56.573,15.087,769.054,0.000
0.123,-56.883,14.806,769.071,0.000
0.124,-57.193,14.524,769.089,0.000
0.124,-57.503,14.241,769.107,0.000
0.125,-57.813,13.959,769.125,0.000
0.125,-58.124,13.676,769.143,0.000
0.126,-58.435,13.393,769.161,0.000
0.126,-58.746,13.110,769.179,0.000
0.127,-59.058,12.827,769.198,0.000
0.127,-59.369,12.543,769.217,0.000
0.128,-59.681,12.260,769.236,0.000
0.128,-59.994,11.976,769.255,0.000
0.129,-60.306,11.692,769.274,0.000
0.129,-60.619,11.407,769.294,0.000
0.130,-60.931,11.123,769.313,0.000
0.130,-61.244,10.838,769.333,0.000
0.131,-61.558,10.554,769.353,0.000
0.131,-61.871,10.269,769.373,0.000
0.132,-62.185,9.984,769.393,0.000
0.132,-62.498,9.699,769.413,0.000
0.133,-62.812,9.413,769.433,0.000
0.133,-63.126,9.128,769.454,0.000
0.134,-63.440,8.842,769.474,0.000
0.134,-63.754,8.557,769.495,0.000
0.135,-64.069,8.271,769.516,0.000
0.135,-64.383,7.985,769.537,0.000
0.136,-64.698,7.699,769.557,0.000
0.136,-65.012,7.413,769.579,0.000
0.137,-65.327,7.127,769.600,0.000
0.137,-65.642,6.841,769.621,0.000
0.138,-65.957,6.555,769.642,0.000
0.138,-66.272,6.269,769.664,0.000
0.139,-66.587,5.983,769.685,0.000
0.139,-66.902,5.697,769.707,0.000
0.140,-67.217,5.410,769.729,0.000
0.140,-67.532,5.124,769.750,0.000
0.141,-67.847,4.838,769.772,0.000
0.141,-68.162,4.552,769.794,0.000
0.142,-68.477,4.265,769.816,0.000
0.142,-68.792,3.979,769.838,0.000
0.143,-69.108,3.693,769.860,0.000
0.143,-69.423,3.407,769.883,0.000
0.144,-69.738,3.121,769.905,0.000
0.144,-70.053,2.835,769.927,0.000
0.145,-70.368,2.549,769.950,0.000
0.145,-70.683,2.263,769.972,0.000
0.146,-70.997,1.977,769.994,0.000
0.146,-71.312,1.691,770.017,0.000
0.147,-71.627,1.405,770.040,0.000
0.147,-71.941,1.119,770.062,0.000
0.148,-72.256,0.834,770.085,0.000
0.148,-72.570,0.548,770.108,0.000
0.149,-72.884,0.263,770.131,0.000
0.149,-73.199,-0.022,770.153,0.000
0.150,-73.513,-0.307,770.176,0.000
0.150,-73.827,-0.592,770.199,0.000
0.151,-74.140,-0.877,770.222,0.000
0.151,-74.454,-1.162,770.245,0.000
0.152,-74.767,-1.446,770.268,0.000
0.152,-75.081,-1.731,770.291,0.000
0.153,-75.394,-2.015,770.314,0.000
0.153,-75.706,-2.299,770.338,0.000
0.154,-76.019,-2.583,770.361,0.000
0.154,-76.332,-2.867,770.384,0.000
0.155,-76.644,-3.150,770.407,0.000
0.155,-76.956,-3.433,770.430,0.000
0.156,-77.268,-3.716,770.454,0.000
0.156,-77.579,-3.999,770.477,0.000
0.157,-77.891,-4.282,770.500,0.000
0.157,-78.202,-4.564,770.524,0.000
0.158,-78.513,-4.846,770.547,0.000
0.158,-78.823,-5.128,770.571,0.000
0.159,-79.134,-5.410,770.594,0.000
0.159,-79.444,-5.691,770.617,0.000
0.160,-79.754,-5.972,770.641,0.000
0.160,-80.063,-6.253,770.664,0.000
0.161,-80.372,-6.534,770.688,0.000
0.161,-80.681,-6.814,770.711,0.000
0.162,-80.990,-7.094,770.735,0.000
0.162,-81.298,-7.374,770.758,0.000
0.163,-81.606,-7.653,770.782,0.000
0.163,-81.913,-7.932,770.805,0.000
0.164,-82.220,-8.211,770.829,0.000
0.164,-82.527,-8.489,770.853,0.000
0.165,-82.834,-8.767,770.876,0.000
0.165,-83.140,-9.045,770.900,0.000
0.166,-83.446,-9.322,770.923,0.000
0.166,-83.751,-9.599,770.947,0.000
0.167,-84.056,-9.876,770.970,0.000
0.167,-84.360,-10.152,770.994,0.000
0.168,-84.665,-10.428,771.018,0.000
0.168,-84.968,-10.704,771.041,0.000
0.169,-85.272,-10.979,771.065,0.000
0.169,-85.574,-11.254,771.088,0.000
0.170,-85.877,-11.528,771.112,0.000
0.170,-86.179,-11.802,771.135,0.000
0.171,-86.480,-12.075,771.159,0.000
0.171,-86.781,-12.348,771.183,0.000
0.172,-87.082,-12.621,771.206,0.000
0.172,-87.382,-12.893,771.230,0.000
0.173,-87.682,-13.165,771.253,0.000
0.173,-87.981,-13.436,771.277,0.000
0.174,-88.279,-13.707,771.300,0.000
0.174,-88.578,-13.977,771.324,0.000
0.175,-88.875,-14.247,771.347,0.000
0.175,-89.172,-14.517,771.371,0.000
0.176,-89.469,-14.786,771.394,0.000
0.176,-89.765,-15.054,771.418,0.000
0.177,-90.060,-15.322,771.441,0.000
0.177,-90.355,-15.590,771.464,0.000
0.178,-90.650,-15.857,771.488,0.000
0.178,-90.944,-16.123,771.511,0.000
0.179,-91.237,-16.389,771.535,0.000
0.179,-91.530,-16.654,771.558,0.000
0.180,-91.822,-16.919,771.581,0.000
0.180,-92.113,-17.183,771.604,0.000
0.181,-92.404,-17.447,771.628,0.000
0.181,-92.694,-17.710,771.651,0.000
0.182,-92.984,-17.973,771.674,0.000
0.182,-93.273,-18.235,771.697,0.000
0.183,-93.561,-18.497,771.721,0.000
0.183,-93.849,-18.758,771.744,0.000
0.184,-94.136,-19.018,771.767,0.000
0.184,-94.423,-19.278,771.790,0.000
0.185,-94.709,-19.537,771.813,0.000
0.185,-94.994,-19.795,771.836,0.000
0.186,-95.278,-20.053,771.859,0.000
0.186,-95.562,-20.310,771.882,0.000
0.187,-95.845,-20.567,771.905,0.000
0.187,-96.128,-20.823,771.928,0.000
0.188,-96.410,-21.079,771.951,0.000
0.188,-96.691,-21.333,771.973,0.000
0.189,-96.971,-21.587,771.996,0.000
0.189,-97.251,-21.841,772.019,0.000
0.190,-97.530,-22.094,772.042,0.000
0.190,-97.808,-22.346,772.064,0.000
0.191,-98.085,-22.597,772.087,0.000
0.191,-98.362,-22.848,772.110,0.000
0.192,-98.638,-23.098,772.132,0.000
0.192,-98.913,-23.348,772.155,0.000
0.193,-99.188,-23.596,772.177,0.000
0.193,-99.461,-23.844,772.200,0.000
0.194,-99.734,-24.092,772.222,0.000
0.194,-100.006,-24.338,772.244,0.000
0.195,-100.278,-24.584,772.267,0.000
0.195,-100.548,-24.829,772.289,0.000
0.196,-100.818,-25.074,772.311,0.000
0.196,-101.087,-25.317,772.333,0.000
0.197,-101.355,-25.560,772.355,0.000
0.197,-101.622,-25.802,772.377,0.000
0.198,-101.889,-26.044,772.399,0.000
0.198,-102.155,-26.285,772.421,0.000
0.199,-102.419,-26.524,772.443,0.000
0.199,-102.683,-26.764,772.465,0.000
0.200,-102.946,-27.002,772.487,0.000
0.200,-103.209,-27.240,772.509,0.000
0.201,-103.470,-27.476,772.530,0.000
0.201,-103.730,-27.712,772.552,0.000
0.202,-103.990,-27.947,772.574,0.000
0.202,-104.249,-28.182,772.595,0.000
0.203,-104.507,-28.415,772.617,0.000
0.203,-104.764,-28.648,772.638,0.000
0.204,-105.020,-28.880,772.659,0.000
0.204,-105.275,-29.111,772.681,0.000
0.205,-105.529,-29.341,772.702,0.000
0.205,-105.782,-29.571,772.723,0.000
0.206,-106.035,-29.800,772.744,0.000
0.206,-106.286,-30.027,772.765,0.000
0.207,-106.537,-30.254,772.786,0.000
0.207,-106.786,-30.480,772.807,0.000
0.208,-107.035,-30.705,772.828,0.000
0.208,-107.283,-30.930,772.849,0.000
0.209,-107.529,-31.153,772.869,0.000
0.209,-107.775,-31.376,772.890,0.000
0.210,-108.020,-31.597,772.911,0.000
0.210,-108.264,-31.818,772.931,0.000
0.211,-108.506,-32.038,772.952,0.000
0.211,-108.748,-32.257,772.972,0.000
0.212,-108.989,-32.475,772.992,0.000
0.212,-109.229,-32.692,773.013,0.000
0.213,-109.468,-32.908,773.033,0.000
0.213,-109.706,-33.124,773.053,0.000
0.214,-109.942,-33.338,773.073,0.000
0.214,-110.178,-33.552,773.093,0.000
0.215,-110.413,-33.764,773.113,0.000
0.215,-110.647,-33.976,773.132,0.000
0.216,-110.879,-34.186,773.152,0.000
0.216,-111.111,-34.396,773.172,0.000
0.217,-111.342,-34.605,773.191,0.000
0.217,-111.571,-34.813,773.211,0.000
0.218,-111.800,-35.019,773.230,0.000
0.218,-112.027,-35.225,773.250,0.000
0.219,-112.253,-35.430,773.269,0.000
0.219,-112.479,-35.634,773.288,0.000
0.220,-112.703,-35.837,773.307,0.000
0.220,-112.926,-36.039,773.326,0.000
0.221,-113.148,-36.240,773.345,0.000
0.221,-113.369,-36.440,773.364,0.000
0.222,-113.589,-36.639,773.383,0.000
0.222,-113.807,-36.837,773.401,0.000
0.223,-114.025,-37.033,773.420,0.000
0.223,-114.241,-37.229,773.438,0.000
0.224,-114.457,-37.424,773.457,0.000
0.224,-114.671,-37.618,773.475,0.000
0.225,-114.884,-37.811,773.493,0.000
0.225,-115.096,-38.003,773.511,0.000
0.226,-115.307,-38.194,773.529,0.000
0.226,-115.516,-38.383,773.547,0.000
0.227,-115.725,-38.572,773.565,0.000
0.227,-115.932,-38.760,773.583,0.000
0.228,-116.139,-38.946,773.601,0.000
0.228,-116.344,-39.132,773.618,0.000
0.229,-116.548,-39.316,773.636,0.000
0.229,-116.750,-39.500,773.653,0.000
0.230,-116.952,-39.682,773.670,0.000
0.230,-117.152,-39.863,773.688,0.000
0.231,-117.351,-40.043,773.705,0.000
0.231,-117.549,-40.222,773.722,0.000
0.232,-117.746,-40.400,773.739,0.000
0.232,-117.942,-40.577,773.756,0.000
0.233,-118.136,-40.753,773.772,0.000
0.233,-118.329,-40.928,773.789,0.000
0.234,-118.521,-41.101,773.805,0.000
0.234,-118.712,-41.274,773.822,0.000
0.235,-118.901,-41.445,773.838,0.000
0.235,-119.090,-41.616,773.854,0.000
0.236,-119.277,-41.785,773.870,0.000
0.236,-119.463,-41.953,773.886,0.000
0.237,-119.647,-42.120,773.902,0.000
0.237,-119.831,-42.286,773.918,0.000
0.238,-120.013,-42.450,773.934,0.000
0.238,-120.194,-42.614,773.949,0.000
0.239,-120.373,-42.776,773.965,0.000
0.239,-120.552,-42.938,773.980,0.000
0.240,-120.729,-43.098,773.996,0.000
0.240,-120.905,-43.257,774.011,0.000
0.241,-121.079,-43.415,774.026,0.000
0.241,-121.252,-43.571,774.041,0.000
0.242,-121.424,-43.727,774.056,0.000
0.242,-121.595,-43.881,774.070,0.000
0.243,-121.765,-44.034,774.085,0.000
0.243,-121.933,-44.186,774.099,0.000
0.244,-122.100,-44.337,774.114,0.000
0.244,-122.265,-44.487,774.128,0.000
0.245,-122.430,-44.635,774.142,0.000
0.245,-122.593,-44.783,774.156,0.000
0.246,-122.754,-44.929,774.170,0.000
0.246,-122.915,-45.074,774.184,0.000
0.247,-123.074,-45.217,774.198,0.000
0.247,-123.231,-45.360,774.211,0.000
0.248,-123.388,-45.501,774.225,0.000
0.248,-123.543,-45.641,774.238,0.000
0.249,-123.697,-45.780,774.251,0.000
0.249,-123.849,-45.918,774.265,0.000
0.250,-124.000,-46.055,774.278,0.000
0.250,-124.150,-46.190,774.291,0.000
0.251,-124.298,-46.324,774.303,0.000
0.251,-124.446,-46.457,774.316,0.000
0.252,-124.591,-46.589,774.329,0.000
0.252,-124.736,-46.719,774.341,0.000
0.253,-124.879,-46.848,774.353,0.000
0.253,-125.021,-46.976,774.365,0.000
0.254,-125.161,-47.103,774.378,0.000
0.254,-125.300,-47.229,774.389,0.000
0.255,-125.438,-47.353,774.401,0.000
0.255,-125.574,-47.476,774.413,0.000
0.256,-125.709,-47.598,774.425,0.000
0.256,-125.842,-47.719,774.436,0.000
0.257,-125.974,-47.838,774.447,0.000
0.257,-126.105,-47.956,774.459,0.000
0.258,-126.235,-48.073,774.470,0.000
0.258,-126.363,-48.188,774.481,0.000
0.259,-126.489,-48.303,774.491,0.000
0.259,-126.615,-48.416,774.502,0.000
0.260,-126.739,-48.528,774.513,0.000
0.260,-126.861,-48.638,774.523,0.000
0.261,-126.982,-48.748,774.533,0.000
0.261,-127.102,-48.856,774.544,0.000
0.262,-127.220,-48.962,774.554,0.000
0.262,-127.337,-49.068,774.564,0.000
0.263,-127.453,-49.172,774.574,0.000
0.263,-127.567,-49.275,774.583,0.000
0.264,-127.679,-49.377,774.593,0.000
0.264,-127.791,-49.477,774.602,0.000
0.265,-127.901,-49.576,774.612,0.000
0.265,-128.009,-49.674,774.621,0.000
0.266,-128.116,-49.771,774.630,0.000
0.266,-128.222,-49.866,774.639,0.000
0.267,-128.326,-49.960,774.647,0.000
0.267,-128.429,-50.053,774.656,0.000
0.268,-128.530,-50.144,774.665,0.000
0.268,-128.630,-50.234,774.673,0.000
0.269,-128.729,-50.323,774.681,0.000
0.269,-128.826,-50.411,774.689,0.000
0.270,-128.921,-50.497,774.697,0.000
0.270,-129.016,-50.582,774.705,0.000
0.271,-129.109,-50.665,774.713,0.000
0.271,-129.200,-50.748,774.721,0.000
0.272,-129.290,-50.829,774.728,0.000
0.272,-129.378,-50.909,774.735,0.000
0.273,-129.465,-50.987,774.742,0.000
0.273,-129.551,-51.064,774.750,0.000
0.274,-129.635,-51.140,774.756,0.000
0.274,-129.718,-51.215,774.763,0.000
0.275,-129.799,-51.288,774.770,0.000
0.275,-129.879,-51.360,774.776,0.000
0.276,-129.958,-51.430,774.783,0.000
0.276,-130.035,-51.500,774.789,0.000
0.277,-130.110,-51.568,774.795,0.000
0.277,-130.184,-51.634,774.801,0.000
0.278,-130.257,-51.700,774.807,0.000
0.278,-130.328,-51.764,774.813,0.000
0.279,-130.398,-51.826,774.818,0.000
0.279,-130.466,-51.888,774.824,0.000
0.280,-130.533,-51.948,774.829,0.000
0.280,-130.598,-52.006,774.834,0.000
0.281,-130.662,-52.064,774.839,0.000
0.281,-130.724,-52.120,774.844,0.000
0.282,-130.785,-52.175,774.849,0.000
0.282,-130.845,-52.228,774.853,0.000
0.283,-130.903,-52.280,774.858,0.000
0.283,-130.959,-52.331,774.862,0.000
0.284,-131.014,-52.381,774.866,0.000
0.284,-131.068,-52.429,774.870,0.000
0.285,-131.120,-52.476,774.874,0.000
0.285,-131.171,-52.521,774.878,0.000
0.286,-131.220,-52.565,774.882,0.000
0.286,-131.268,-52.608,774.885,0.000
0.287,-131.314,-52.650,774.889,0.000
0.287,-131.359,-52.690,774.892,0.000
0.288,-131.403,-52.729,774.895,0.000
0.288,-131.444,-52.766,774.898,0.000
0.289,-131.485,-52.802,774.901,0.000
0.289,-131.524,-52.837,774.903,0.000
0.290,-131.561,-52.871,774.906,0.000
0.290,-131.597,-52.903,774.908,0.000
0.291,-131.632,-52.934,774.910,0.000
0.291,-131.665,-52.963,774.913,0.000
0.292,-131.697,-52.992,774.915,0.000
0.292,-131.727,-53.018,774.916,0.000
0.293,-131.756,-53.044,774.918,0.000
0.293,-131.783,-53.068,774.920,0.000
0.294,-131.809,-53.091,774.921,0.000
0.294,-131.833,-53.113,774.922,0.000
0.295,-131.856,-53.133,774.923,0.000
0.295,-131.877,-53.152,774.924,0.000
0.296,-131.897,-53.169,774.925,0.000
0.296,-131.916,-53.186,774.926,0.000
0.297,-131.932,-53.201,774.927,0.000
0.297,-131.948,-53.214,774.927,0.000
0.298,-131.962,-53.226,774.927,0.000
0.298,-131.975,-53.237,774.927,0.000
0.299,-131.986,-53.247,774.927,0.000
0.299,-131.995,-53.255,774.927,0.000
0.300,-132.003,-53.262,774.927,0.000
0.300,-132.010,-53.268,774.927,0.000
0.301,-132.015,-53.272,774.926,0.000
0.301,-132.019,-53.275,774.926,0.000
0.302,-132.021,-53.277,774.925,0.000
0.302,-132.022,-53.277,774.924,0.000
0.303,-132.022,-53.276,774.923,0.000
0.303,-132.020,-53.274,774.921,0.000
0.304,-132.016,-53.270,774.920,0.000
0.304,-132.011,-53.265,774.919,0.000
0.305,-132.005,-53.259,774.917,0.000
0.305,-131.997,-53.251,774.915,0.000
0.306,-131.987,-53.242,774.913,0.000
0.306,-131.977,-53.232,774.911,0.000
0.307,-131.964,-53.220,774.909,0.000
0.307,-131.951,-53.207,774.907,0.000
0.308,-131.935,-53.193,774.904,0.000
0.308,-131.919,-53.178,774.902,0.000
0.309,-131.901,-53.161,774.899,0.000
0.309,-131.881,-53.143,774.896,0.000
0.310,-131.860,-53.123,774.893,0.000
0.310,-131.838,-53.103,774.890,0.000
0.311,-131.814,-53.081,774.887,0.000
0.311,-131.789,-53.057,774.883,0.000
0.312,-131.762,-53.032,774.880,0.000
0.312,-131.734,-53.006,774.876,0.000
0.313,-131.704,-52.979,774.872,0.000
0.313,-131.673,-52.951,774.868,0.000
0.314,-131.640,-52.921,774.864,0.000
0.314,-131.606,-52.890,774.860,0.000
0.315,-131.571,-52.857,774.855,0.000
0.315,-131.534,-52.823,774.851,0.000
0.316,-131.496,-52.788,774.846,0.000
0.316,-131.456,-52.752,774.841,0.000
0.317,-131.415,-52.714,774.837,0.000
0.317,-131.373,-52.675,774.831,0.000
0.318,-131.329,-52.635,774.826,0.000
0.318,-131.283,-52.593,774.821,0.000
0.319,-131.237,-52.551,774.816,0.000
0.319,-131.188,-52.506,774.810,0.000
0.320,-131.139,-52.461,774.804,0.000
0.320,-131.088,-52.414,774.798,0.000
0.321,-131.035,-52.366,774.793,0.000
0.321,-130.982,-52.317,774.786,0.000
0.322,-130.926,-52.267,774.780,0.000
0.322,-130.870,-52.215,774.774,0.000
0.323,-130.812,-52.162,774.767,0.000
0.323,-130.752,-52.108,774.761,0.000
0.324,-130.691,-52.052,774.754,0.000
0.324,-130.629,-51.995,774.747,0.000
0.325,-130.565,-51.937,774.740,0.000
0.325,-130.500,-51.878,774.733,0.000
0.326,-130.434,-51.817,774.726,0.000
0.326,-130.366,-51.755,774.718,0.000
0.327,-130.297,-51.692,774.711,0.000
0.327,-130.226,-51.628,774.703,0.000
0.328,-130.154,-51.562,774.695,0.000
0.328,-130.081,-51.495,774.688,0.000
0.329,-130.006,-51.427,774.679,0.000
0.329,-129.930,-51.358,774.671,0.000
0.330,-129.853,-51.287,774.663,0.000
0.330,-129.774,-51.215,774.655,0.000
0.331,-129.694,-51.142,774.646,0.000
0.331,-129.612,-51.068,774.637,0.000
0.332,-129.529,-50.992,774.629,0.000
0.332,-129.445,-50.916,774.620,0.000
0.333,-129.359,-50.838,774.611,0.000
0.333,-129.272,-50.758,774.602,0.000
0.334,-129.184,-50.678,774.592,0.000
0.334,-129.094,-50.596,774.583,0.000
0.335,-129.003,-50.513,774.574,0.000
0.335,-128.911,-50.429,774.564,0.000
0.336,-128.817,-50.344,774.554,0.000
0.336,-128.722,-50.257,774.544,0.000
0.337,-128.626,-50.170,774.534,0.000
0.337,-128.528,-50.081,774.524,0.000
0.338,-128.429,-49.991,774.514,0.000
0.338,-128.329,-49.899,774.504,0.000
0.339,-128.227,-49.807,774.493,0.000
0.339,-128.124,-49.713,774.483,0.000
0.340,-128.020,-49.618,774.472,0.000
0.340,-127.914,-49.522,774.461,0.000
0.341,-127.807,-49.425,774.450,0.000
0.341,-127.699,-49.327,774.439,0.000
0.342,-127.590,-49.227,774.428,0.000
0.342,-127.479,-49.126,774.417,0.000
0.343,-127.367,-49.024,774.405,0.000
0.343,-127.254,-48.921,774.394,0.000
0.344,-127.139,-48.817,774.382,0.000
0.344,-127.023,-48.712,774.371,0.000
0.345,-126.906,-48.605,774.359,0.000
0.345,-126.788,-48.497,774.347,0.000
0.346,-126.668,-48.388,774.335,0.000
0.346,-126.547,-48.278,774.323,0.000
0.347,-126.425,-48.167,774.310,0.000
0.347,-126.301,-48.055,774.298,0.000
0.348,-126.176,-47.942,774.285,0.000
0.348,-126.050,-47.827,774.273,0.000
0.349,-125.923,-47.711,774.260,0.000
0.349,-125.795,-47.594,774.247,0.000
0.350,-125.665,-47.476,774.234,0.000
0.350,-125.534,-47.357,774.221,0.000
0.351,-125.402,-47.237,774.208,0.000
0.351,-125.268,-47.116,774.195,0.000
0.352,-125.134,-46.994,774.182,0.000
0.352,-124.998,-46.870,774.168,0.000
0.353,-124.861,-46.745,774.155,0.000
0.353,-124.722,-46.620,774.141,0.000
0.354,-124.583,-46.493,774.127,0.000
0.354,-124.442,-46.365,774.113,0.000
0.355,-124.300,-46.236,774.099,0.000
0.355,-124.157,-46.106,774.085,0.000
0.356,-124.013,-45.975,774.071,0.000
0.356,-123.867,-45.843,774.057,0.000
0.357,-123.721,-45.710,774.043,0.000
0.357,-123.573,-45.575,774.028,0.000
0.358,-123.424,-45.440,774.014,0.000
0.358,-123.274,-45.303,773.999,0.000
0.359,-123.122,-45.166,773.984,0.000
0.359,-122.970,-45.027,773.969,0.000
0.360,-122.816,-44.888,773.954,0.000
0.360,-122.661,-44.747,773.939,0.000
0.361,-122.505,-44.605,773.924,0.000
0.361,-122.348,-44.463,773.909,0.000
0.362,-122.190,-44.319,773.894,0.000
0.362,-122.031,-44.174,773.878,0.000
0.363,-121.870,-44.028,773.863,0.000
0.363,-121.709,-43.881,773.847,0.000
0.364,-121.546,-43.734,773.832,0.000
0.364,-121.382,-43.585,773.816,0.000
0.365,-121.217,-43.435,773.800,0.000
0.365,-121.051,-43.284,773.784,0.000
0.366,-120.884,-43.132,773.768,0.000
0.366,-120.716,-42.979,773.752,0.000
0.367,-120.546,-42.826,773.736,0.000
0.367,-120.376,-42.671,773.720,0.000
0.368,-120.204,-42.515,773.703,0.000
0.368,-120.032,-42.358,773.687,0.000
0.369,-119.858,-42.201,773.670,0.000
0.369,-119.684,-42.042,773.654,0.000
0.370,-119.508,-41.882,773.637,0.000
0.370,-119.331,-41.722,773.620,0.000
0.371,-119.153,-41.560,773.603,0.000
0.371,-118.974,-41.398,773.586,0.000
0.372,-118.794,-41.234,773.569,0.000
0.372,-118.613,-41.070,773.552,0.000
0.373,-118.431,-40.904,773.535,0.000
0.373,-118.248,-40.738,773.518,0.000
0.374,-118.064,-40.571,773.501,0.000
0.374,-117.879,-40.403,773.483,0.000
0.375,-117.693,-40.234,773.466,0.000
0.375,-117.506,-40.064,773.448,0.000
0.376,-117.318,-39.893,773.431,0.000
0.376,-117.128,-39.722,773.413,0.000
0.377,-116.938,-39.549,773.395,0.000
0.377,-116.747,-39.375,773.377,0.000
0.378,-116.555,-39.201,773.359,0.000
0.378,-116.362,-39.026,773.341,0.000
0.379,-116.168,-38.850,773.323,0.000
0.379,-115.973,-38.673,773.305,0.000
0.380,-115.777,-38.495,773.287,0.000
0.380,-115.580,-38.316,773.269,0.000
0.381,-115.383,-38.136,773.250,0.000
0.381,-115.184,-37.956,773.232,0.000
0.382,-114.984,-37.774,773.214,0.000
0.382,-114.784,-37.592,773.195,0.000
0.383,-114.582,-37.409,773.176,0.000
0.383,-114.380,-37.226,773.158,0.000
0.384,-114.176,-37.041,773.139,0.000
0.384,-113.972,-36.855,773.120,0.000
0.385,-113.767,-36.669,773.102,0.000
0.385,-113.561,-36.482,773.083,0.000
0.386,-113.354,-36.294,773.064,0.000
0.386,-113.146,-36.105,773.045,0.000
0.387,-112.937,-35.916,773.026,0.000
0.387,-112.728,-35.726,773.006,0.000
0.388,-112.517,-35.535,772.987,0.000
0.388,-112.306,-35.343,772.968,0.000
0.389,-112.094,-35.150,772.949,0.000
0.389,-111.881,-34.957,772.929,0.000
0.390,-111.667,-34.762,772.910,0.000
0.390,-111.452,-34.567,772.891,0.000
0.391,-111.236,-34.372,772.871,0.000
0.391,-111.020,-34.175,772.851,0.000
0.392,-110.803,-33.978,772.832,0.000
0.392,-110.585,-33.780,772.812,0.000
0.393,-110.366,-33.582,772.792,0.000
0.393,-110.146,-33.382,772.773,0.000
0.394,-109.926,-33.182,772.753,0.000
0.394,-109.705,-32.981,772.733,0.000
0.395,-109.483,-32.780,772.713,0.000
0.395,-109.260,-32.578,772.693,0.000
0.396,-109.036,-32.375,772.673,0.000
0.396,-108.812,-32.171,772.653,0.000
0.397,-108.587,-31.967,772.633,0.000
0.397,-108.361,-31.762,772.613,0.000
0.398,-108.135,-31.556,772.593,0.000
0.398,-107.907,-31.350,772.573,0.000
0.399,-107.679,-31.143,772.552,0.000
0.399,-107.451,-30.935,772.532,0.000
0.400,-107.221,-30.727,772.512,0.000
0.400,-106.991,-30.518,772.491,0.000
0.401,-106.760,-30.308,772.471,0.000
0.401,-106.528,-30.098,772.450,0.000
0.402,-106.296,-29.887,772.430,0.000
0.402,-106.063,-29.675,772.409,0.000
0.403,-105.829,-29.463,772.389,0.000
0.403,-105.595,-29.250,772.368,0.000
0.404,-105.360,-29.037,772.348,0.000
0.404,-105.124,-28.823,772.327,0.000
0.405,-104.887,-28.608,772.306,0.000
0.405,-104.650,-28.393,772.286,0.000
0.406,-104.413,-28.177,772.265,0.000
0.406,-104.174,-27.961,772.244,0.000
0.407,-103.935,-27.744,772.223,0.000
0.407,-103.696,-27.526,772.202,0.000
0.408,-103.455,-27.308,772.181,0.000
0.408,-103.215,-27.090,772.161,0.000
0.409,-102.973,-26.870,772.140,0.000
0.409,-102.731,-26.651,772.119,0.000
0.410,-102.488,-26.430,772.098,0.000
0.410,-102.245,-26.210,772.077,0.000
0.411,-102.001,-25.988,772.056,0.000
0.411,-101.757,-25.766,772.035,0.000
0.412,-101.512,-25.544,772.014,0.000
0.412,-101.266,-25.321,771.992,0.000
0.413,-101.020,-25.098,771.971,0.000
0.413,-100.773,-24.874,771.950,0.000
0.414,-100.526,-24.649,771.929,0.000
0.414,-100.278,-24.424,771.908,0.000
0.415,-100.030,-24.199,771.887,0.000
0.415,-99.781,-23.973,771.865,0.000
0.416,-99.532,-23.747,771.844,0.000
0.416,-99.282,-23.520,771.823,0.000
0.417,-99.032,-23.293,771.802,0.000
0.417,-98.781,-23.065,771.780,0.000
0.418,-98.530,-22.837,771.759,0.000
0.418,-98.278,-22.608,771.738,0.000
0.419,-98.025,-22.379,771.717,0.000
0.419,-97.773,-22.150,771.695,0.000
0.420,-97.519,-21.920,771.674,0.000
0.420,-97.266,-21.690,771.653,0.000
0.421,-97.011,-21.459,771.631,0.000
0.421,-96.757,-21.228,771.610,0.000
0.422,-96.502,-20.996,771.588,0.000
0.422,-96.246,-20.764,771.567,0.000
0.423,-95.990,-20.532,771.546,0.000
0.423,-95.734,-20.299,771.524,0.000
0.424,-95.477,-20.066,771.503,0.000
0.424,-95.220,-19.833,771.481,0.000
0.425,-94.962,-19.599,771.460,0.000
0.425,-94.704,-19.365,771.439,0.000
0.426,-94.446,-19.130,771.417,0.000
0.426,-94.187,-18.895,771.396,0.000
0.427,-93.928,-18.660,771.374,0.000
0.427,-93.669,-18.425,771.353,0.000
0.428,-93.409,-18.189,771.331,0.000
0.428,-93.149,-17.953,771.310,0.000
0.429,-92.888,-17.716,771.289,0.000
0.429,-92.627,-17.479,771.267,0.000
0.430,-92.366,-17.242,771.246,0.000
0.430,-92.105,-17.005,771.224,0.000
0.431,-91.843,-16.767,771.203,0.000
0.431,-91.581,-16.529,771.181,0.000
0.432,-91.318,-16.291,771.160,0.000
0.432,-91.055,-16.052,771.139,0.000
0.433,-90.792,-15.814,771.117,0.000
0.433,-90.529,-15.575,771.096,0.000
0.434,-90.265,-15.335,771.074,0.000
0.434,-90.001,-15.096,771.053,0.000
0.435,-89.737,-14.856,771.032,0.000
0.435,-89.473,-14.616,771.010,0.000
0.436,-89.208,-14.376,770.989,0.000
0.436,-88.943,-14.135,770.968,0.000
0.437,-88.678,-13.895,770.946,0.000
0.437,-88.413,-13.654,770.925,0.000
0.438,-88.147,-13.413,770.904,0.000
0.438,-87.881,-13.171,770.882,0.000
0.439,-87.615,-12.930,770.861,0.000
0.439,-87.349,-12.688,770.840,0.000
0.440,-87.083,-12.446,770.819,0.000
0.440,-86.816,-12.204,770.797,0.000
0.441,-86.549,-11.962,770.776,0.000
0.441,-86.282,-11.720,770.755,0.000
0.442,-86.015,-11.477,770.734,0.000
0.442,-85.748,-11.234,770.713,0.000
0.443,-85.480,-10.992,770.691,0.000
0.443,-85.213,-10.749,770.670,0.000
0.444,-84.945,-10.506,770.649,0.000
0.444,-84.677,-10.262,770.628,0.000
0.445,-84.409,-10.019,770.607,0.000
0.445,-84.141,-9.776,770.586,0.000
0.446,-83.872,-9.532,770.565,0.000
0.446,-83.604,-9.289,770.544,0.000
0.447,-83.336,-9.045,770.523,0.000
0.447,-83.067,-8.801,770.502,0.000
0.448,-82.798,-8.557,770.481,0.000
0.448,-82.530,-8.313,770.460,0.000
0.449,-82.261,-8.069,770.439,0.000
0.449,-81.992,-7.825,770.418,0.000
0.450,-81.723,-7.581,770.397,0.000
0.450,-81.454,-7.337,770.377,0.000
0.451,-81.185,-7.093,770.356,0.000
0.451,-80.916,-6.848,770.335,0.000
0.452,-80.647,-6.604,770.314,0.000
0.452,-80.378,-6.360,770.294,0.000
0.453,-80.108,-6.115,770.273,0.000
0.453,-79.839,-5.871,770.252,0.000
0.454,-79.570,-5.627,770.232,0.000
0.454,-79.301,-5.382,770.211,0.000
0.455,-79.032,-5.138,770.191,0.000
0.455,-78.763,-4.894,770.170,0.000
0.456,-78.493,-4.649,770.150,0.000
0.456,-78.224,-4.405,770.129,0.000
0.457,-77.955,-4.161,770.109,0.000
0.457,-77.686,-3.917,770.088,0.000
0.458,-77.417,-3.673,770.068,0.000
0.458,-77.148,-3.428,770.048,0.000
0.459,-76.880,-3.184,770.027,0.000
0.459,-76.611,-2.940,770.007,0.000
0.460,-76.342,-2.696,769.987,0.000
0.460,-76.073,-2.453,769.967,0.000
0.461,-75.805,-2.209,769.947,0.000
0.461,-75.536,-1.965,769.926,0.000
0.462,-75.268,-1.722,769.906,0.000
0.462,-75.000,-1.478,769.886,0.000
0.463,-74.732,-1.235,769.866,0.000
0.463,-74.464,-0.991,769.846,0.000
0.464,-74.196,-0.748,769.827,0.000
0.464,-73.928,-0.505,769.807,0.000
0.465,-73.661,-0.262,769.787,0.000
0.465,-73.393,-0.019,769.767,0.000
0.466,-73.126,0.223,769.747,0.000
0.466,-72.859,0.466,769.728,0.000
0.467,-72.592,0.708,769.708,0.000
0.467,-72.325,0.950,769.688,0.000
0.468,-72.058,1.192,769.669,0.000
0.468,-71.792,1.434,769.649,0.000
0.469,-71.526,1.676,769.630,0.000
0.469,-71.260,1.917,769.610,0.000
0.470,-70.994,2.158,769.591,0.000
0.470,-70.729,2.399,769.572,0.000
0.471,-70.463,2.640,769.552,0.000
0.471,-70.198,2.881,769.533,0.000
0.472,-69.933,3.121,769.514,0.000
0.472,-69.669,3.362,769.495,0.000
0.473,-69.404,3.602,769.476,0.000
0.473,-69.140,3.841,769.457,0.000
0.474,-68.876,4.081,769.438,0.000
0.474,-68.613,4.320,769.419,0.000
0.475,-68.349,4.559,769.400,0.000
0.475,-68.086,4.798,769.381,0.000
0.476,-67.823,5.037,769.362,0.000
0.476,-67.561,5.275,769.343,0.000
0.477,-67.299,5.513,769.325,0.000
0.477,-67.037,5.751,769.306,0.000
0.478,-66.775,5.988,769.287,0.000
0.478,-66.514,6.225,769.269,0.000
0.479,-66.253,6.462,769.250,0.000
0.479,-65.993,6.699,769.232,0.000
0.480,-65.733,6.935,769.214,0.000
0.480,-65.473,7.171,769.195,0.000
0.481,-65.213,7.406,769.177,0.000
0.481,-64.954,7.642,769.159,0.000
0.482,-64.695,7.877,769.141,0.000
0.482,-64.437,8.111,769.122,0.000
0.483,-64.179,8.345,769.104,0.000
0.483,-63.921,8.579,769.086,0.000
0.484,-63.664,8.813,769.068,0.000
0.484,-63.407,9.046,769.051,0.000
0.485,-63.151,9.279,769.033,0.000
0.485,-62.895,9.511,769.015,0.000
0.486,-62.639,9.743,768.997,0.000
0.486,-62.384,9.975,768.980,0.000
0.487,-62.129,10.206,768.962,0.000
0.487,-61.875,10.437,768.944,0.000
0.488,-61.621,10.668,768.927,0.000
0.488,-61.367,10.898,768.909,0.000
0.489,-61.114,11.128,768.892,0.000
0.489,-60.862,11.357,768.875,0.000
0.490,-60.610,11.586,768.858,0.000
0.490,-60.358,11.814,768.840,0.000
0.491,-60.107,12.042,768.823,0.000
0.491,-59.856,12.270,768.806,0.000
0.492,-59.606,12.497,768.789,0.000
0.492,-59.356,12.723,768.772,0.000
0.493,-59.107,12.950,768.755,0.000
0.493,-58.858,13.175,768.739,0.000
0.494,-58.610,13.401,768.722,0.000
0.494,-58.363,13.625,768.705,0.000
0.495,-58.116,13.850,768.688,0.000
0.495,-57.869,14.073,768.672,0.000
0.496,-57.623,14.297,768.655,0.000
0.496,-57.378,14.520,768.639,0.000
0.497,-57.133,14.742,768.623,0.000
0.497,-56.888,14.964,768.606,0.000
0.498,-56.644,15.185,768.590,0.000
0.498,-56.401,15.406,768.574,0.000
0.499,-56.159,15.626,768.558,0.000
0.499,-55.916,15.846,768.542,0.000
0.500,-55.675,16.065,768.526,0.000
0.500,-55.434,16.284,768.510,0.000
0.501,-55.194,16.502,768.494,0.000
0.501,-54.954,16.720,768.478,0.000
0.502,-54.715,16.937,768.462,0.000
0.502,-54.476,17.153,768.447,0.000
0.503,-54.239,17.369,768.431,0.000
0.503,-54.001,17.585,768.416,0.000
0.503,-53.765,17.799,768.400,0.000
0.504,-53.529,18.014,768.385,0.000
0.504,-53.293,18.227,768.370,0.000
0.505,-53.059,18.440,768.354,0.000
0.505,-52.825,18.653,768.339,0.000
0.506,-52.591,18.865,768.324,0.000
0.506,-52.359,19.076,768.309,0.000
0.507,-52.127,19.287,768.294,0.000
0.507,-51.895,19.497,768.279,0.000
0.508,-51.665,19.706,768.264,0.000
0.508,-51.435,19.915,768.249,0.000
0.509,-51.205,20.123,768.235,0.000
0.509,-50.977,20.330,768.220,0.000
0.510,-50.749,20.537,768.206,0.000
0.510,-50.522,20.743,768.191,0.000
0.511,-50.295,20.949,768.177,0.000
0.511,-50.069,21.154,768.162,0.000
0.512,-49.844,21.358,768.148,0.000
0.512,-49.620,21.562,768.134,0.000
0.513,-49.396,21.765,768.120,0.000
0.513,-49.174,21.967,768.106,0.000
0.514,-48.952,22.169,768.092,0.000
0.514,-48.730,22.370,768.078,0.000
0.515,-48.510,22.570,768.064,0.000
0.515,-48.290,22.769,768.050,0.000
0.516,-48.071,22.968,768.036,0.000
0.516,-47.852,23.166,768.023,0.000
0.517,-47.635,23.364,768.009,0.000
0.517,-47.418,23.560,767.996,0.000
0.518,-47.202,23.756,767.982,0.000
0.518,-46.987,23.952,767.969,0.000
0.519,-46.773,24.146,767.956,0.000
0.519,-46.559,24.340,767.943,0.000
0.520,-46.347,24.533,767.929,0.000
0.520,-46.135,24.726,767.916,0.000
0.521,-45.924,24.917,767.903,0.000
0.521,-45.713,25.108,767.890,0.000
0.522,-45.504,25.298,767.878,0.000
0.522,-45.295,25.487,767.865,0.000
0.523,-45.087,25.676,767.852,0.000
0.523,-44.881,25.864,767.840,0.000
0.524,-44.674,26.051,767.827,0.000
0.524,-44.469,26.237,767.815,0.000
0.525,-44.265,26.423,767.802,0.000
0.525,-44.061,26.607,767.790,0.000
0.526,-43.859,26.791,767.778,0.000
0.526,-43.657,26.975,767.766,0.000
0.527,-43.456,27.157,767.753,0.000
0.527,-43.256,27.338,767.741,0.000
0.528,-43.057,27.519,767.729,0.000
0.528,-42.859,27.699,767.718,0.000
0.529,-42.661,27.878,767.706,0.000
0.529,-42.465,28.057,767.694,0.000
0.530,-42.269,28.234,767.682,0.000
0.530,-42.074,28.411,767.671,0.000
0.531,-41.881,28.587,767.659,0.000
0.531,-41.688,28.762,767.648,0.000
0.532,-41.496,28.936,767.637,0.000
0.532,-41.305,29.109,767.625,0.000
0.533,-41.115,29.282,767.614,0.000
0.533,-40.926,29.453,767.603,0.000
0.534,-40.738,29.624,767.592,0.000
0.534,-40.550,29.794,767.581,0.000
0.535,-40.364,29.963,767.570,0.000
0.535,-40.179,30.131,767.559,0.000
0.536,-39.994,30.299,767.549,0.000
0.536,-39.811,30.465,767.538,0.000
0.537,-39.628,30.631,767.527,0.000
0.537,-39.447,30.795,767.517,0.000
0.538,-39.266,30.959,767.507,0.000
0.538,-39.087,31.122,767.496,0.000
0.539,-38.908,31.284,767.486,0.000
0.539,-38.730,31.445,767.476,0.000
0.540,-38.554,31.606,767.466,0.000
0.540,-38.378,31.765,767.456,0.000
0.541,-38.204,31.924,767.446,0.000
0.541,-38.030,32.081,767.436,0.000
0.542,-37.857,32.238,767.426,0.000
0.542,-37.686,32.393,767.416,0.000
0.543,-37.515,32.548,767.406,0.000
0.543,-37.345,32.702,767.397,0.000
0.544,-37.177,32.855,767.387,0.000
0.544,-37.009,33.007,767.378,0.000
0.545,-36.843,33.158,767.369,0.000
0.545,-36.677,33.308,767.359,0.000
0.546,-36.513,33.458,767.350,0.000
0.546,-36.349,33.606,767.341,0.000
0.547,-36.187,33.753,767.332,0.000
0.547,-36.026,33.900,767.323,0.000
0.548,-35.865,34.045,767.314,0.000
0.548,-35.706,34.190,767.305,0.000
0.549,-35.548,34.333,767.297,0.000
0.549,-35.391,34.476,767.288,0.000
0.550,-35.235,34.617,767.279,0.000
0.550,-35.080,34.758,767.271,0.000
0.551,-34.926,34.898,767.262,0.000
0.551,-34.773,35.036,767.254,0.000
0.552,-34.621,35.174,767.246,0.000
0.552,-34.470,35.311,767.237,0.000
0.553,-34.321,35.446,767.229,0.000
0.553,-34.172,35.581,767.221,0.000
0.554,-34.024,35.715,767.213,0.000
0.554,-33.878,35.848,767.205,0.000
0.555,-33.733,35.980,767.198,0.000
0.555,-33.589,36.110,767.190,0.000
0.556,-33.445,36.240,767.182,0.000
0.556,-33.303,36.369,767.175,0.000
0.557,-33.163,36.497,767.167,0.000
0.557,-33.023,36.623,767.160,0.000
0.558,-32.884,36.749,767.152,0.000
0.558,-32.747,36.874,767.145,0.000
0.559,-32.610,36.998,767.138,0.000
0.559,-32.475,37.120,767.131,0.000
0.560,-32.341,37.242,767.124,0.000
0.560,-32.208,37.363,767.117,0.000
0.561,-32.076,37.482,767.110,0.000
0.561,-31.945,37.601,767.103,0.000
0.562,-31.815,37.719,767.096,0.000
0.562,-31.687,37.835,767.090,0.000
0.563,-31.559,37.951,767.083,0.000
0.563,-31.433,38.065,767.077,0.000
0.564,-31.308,38.179,767.070,0.000
0.564,-31.184,38.291,767.064,0.000
0.565,-31.061,38.402,767.057,0.000
0.565,-30.939,38.513,767.051,0.000
0.566,-30.819,38.622,767.045,0.000
0.566,-30.700,38.730,767.039,0.000
0.567,-30.581,38.837,767.033,0.000
0.567,-30.464,38.943,767.027,0.000
0.568,-30.348,39.048,767.021,0.000
0.568,-30.234,39.152,767.016,0.000
0.569,-30.120,39.255,767.010,0.000
0.569,-30.008,39.357,767.004,0.000
0.570,-29.897,39.458,766.999,0.000
0.570,-29.787,39.557,766.993,0.000
0.571,-29.678,39.656,766.988,0.000
0.571,-29.570,39.753,766.983,0.000
0.572,-29.464,39.850,766.978,0.000
0.572,-29.359,39.945,766.972,0.000
0.573,-29.254,40.040,766.967,0.000
0.573,-29.152,40.133,766.962,0.000
0.574,-29.050,40.225,766.958,0.000
0.574,-28.949,40.316,766.953,0.000
0.575,-28.850,40.406,766.948,0.000
0.575,-28.752,40.495,766.943,0.000
0.576,-28.655,40.583,766.939,0.000
0.576,-28.559,40.669,766.934,0.000
0.577,-28.465,40.755,766.930,0.000
0.577,-28.371,40.840,766.925,0.000
0.578,-28.279,40.923,766.921,0.000
0.578,-28.188,41.005,766.917,0.000
0.579,-28.099,41.086,766.913,0.000
0.579,-28.010,41.167,766.909,0.000
0.580,-27.923,41.246,766.905,0.000
0.580,-27.837,41.324,766.901,0.000
0.581,-27.752,41.400,766.897,0.000
0.581,-27.668,41.476,766.893,0.000
0.582,-27.586,41.551,766.890,0.000
0.582,-27.505,41.624,766.886,0.000
0.583,-27.425,41.696,766.882,0.000
0.583,-27.346,41.768,766.879,0.000
0.584,-27.269,41.838,766.876,0.000
0.584,-27.192,41.907,766.872,0.000
0.585,-27.117,41.975,766.869,0.000
0.585,-27.043,42.042,766.866,0.000
0.586,-26.971,42.107,766.863,0.000
0.586,-26.899,42.172,766.860,0.000
0.587,-26.829,42.235,766.857,0.000
0.587,-26.760,42.298,766.854,0.000
0.588,-26.693,42.359,766.851,0.000
0.588,-26.626,42.419,766.848,0.000
0.589,-26.561,42.478,766.846,0.000
0.589,-26.497,42.536,766.843,0.000
0.590,-26.434,42.592,766.841,0.000
0.590,-26.373,42.648,766.838,0.000
0.591,-26.313,42.702,766.836,0.000
0.591,-26.254,42.756,766.834,0.000
0.592,-26.196,42.808,766.832,0.000
0.592,-26.139,42.859,766.829,0.000
0.593,-26.084,42.909,766.827,0.000
0.593,-26.030,42.958,766.825,0.000
0.594,-25.977,43.005,766.824,0.000
0.594,-25.926,43.052,766.822,0.000
0.595,-25.875,43.097,766.820,0.000
0.595,-25.826,43.141,766.818,0.000
0.596,-25.778,43.185,766.817,0.000
0.596,-25.732,43.227,766.815,0.000
0.597,-25.687,43.267,766.814,0.000
0.597,-25.642,43.307,766.812,0.000
0.598,-25.600,43.346,766.811,0.000
0.598,-25.558,43.383,766.810,0.000
0.599,-25.518,43.419,766.809,0.000
0.599,-25.479,43.455,766.808,0.000
0.600,-25.441,43.489,766.807,0.000
0.600,-25.404,43.522,766.806,0.000
0.601,-25.369,43.553,766.805,0.000
0.601,-25.335,43.584,766.804,0.000
0.602,-25.302,43.613,766.803,0.000
0.602,-25.271,43.642,766.803,0.000
0.603,-25.240,43.669,766.802,0.000
0.603,-25.211,43.695,766.802,0.000
0.604,-25.183,43.720,766.801,0.000
0.604,-25.157,43.744,766.801,0.000
0.605,-25.132,43.766,766.801,0.000
0.605,-25.108,43.788,766.801,0.000
0.606,-25.085,43.808,766.800,0.000
0.606,-25.063,43.827,766.800,0.000
0.607,-25.043,43.845,766.800,0.000
0.607,-25.024,43.862,766.801,0.000
0.608,-25.006,43.878,766.801,0.000
0.608,-24.990,43.893,766.801,0.000
0.609,-24.974,43.906,766.801,0.000
0.609,-24.960,43.919,766.802,0.000
0.610,-24.948,43.930,766.802,0.000
0.610,-24.936,43.940,766.803,0.000
0.611,-24.926,43.949,766.803,0.000
0.611,-24.917,43.957,766.804,0.000
0.612,-24.909,43.964,766.805,0.000
0.612,-24.903,43.969,766.806,0.000
0.613,-24.897,43.974,766.806,0.000
0.613,-24.893,43.977,766.807,0.000
0.614,-24.891,43.979,766.808,0.000
0.614,-24.889,43.980,766.810,0.000
0.615,-24.889,43.980,766.811,0.000
0.615,-24.890,43.979,766.812,0.000
0.616,-24.892,43.976,766.813,0.000
0.616,-24.896,43.973,766.815,0.000
0.617,-24.900,43.968,766.816,0.000
0.617,-24.906,43.962,766.818,0.000
0.618,-24.913,43.956,766.819,0.000
0.618,-24.922,43.948,766.821,0.000
0.619,-24.932,43.938,766.823,0.000
0.619,-24.942,43.928,766.825,0.000
0.620,-24.955,43.917,766.826,0.000
0.620,-24.968,43.904,766.828,0.000
0.621,-24.983,43.890,766.830,0.000
0.621,-24.999,43.876,766.833,0.000
0.622,-25.016,43.860,766.835,0.000
0.622,-25.034,43.843,766.837,0.000
0.623,-25.054,43.825,766.839,0.000
0.623,-25.074,43.805,766.842,0.000
0.624,-25.096,43.785,766.844,0.000
0.624,-25.120,43.763,766.847,0.000
0.625,-25.144,43.741,766.849,0.000
0.625,-25.170,43.717,766.852,0.000
0.626,-25.197,43.692,766.855,0.000
0.626,-25.225,43.666,766.858,0.000
0.627,-25.254,43.639,766.860,0.000
0.627,-25.285,43.611,766.863,0.000
0.628,-25.317,43.582,766.866,0.000
0.628,-25.350,43.551,766.869,0.000
0.629,-25.384,43.520,766.873,0.000
0.629,-25.420,43.487,766.876,0.000
0.630,-25.457,43.453,766.879,0.000
0.630,-25.494,43.418,766.883,0.000
0.631,-25.534,43.383,766.886,0.000
0.631,-25.574,43.345,766.890,0.000
0.632,-25.616,43.307,766.893,0.000
0.632,-25.658,43.268,766.897,0.000
0.633,-25.702,43.228,766.900,0.000
0.633,-25.747,43.186,766.904,0.000
0.634,-25.794,43.144,766.908,0.000
0.634,-25.841,43.100,766.912,0.000
0.635,-25.890,43.056,766.916,0.000
0.635,-25.940,43.010,766.920,0.000
0.636,-25.991,42.963,766.924,0.000
0.636,-26.044,42.915,766.928,0.000
0.637,-26.097,42.866,766.933,0.000
0.637,-26.152,42.816,766.937,0.000
0.638,-26.208,42.765,766.941,0.000
0.638,-26.265,42.712,766.946,0.000
0.639,-26.323,42.659,766.950,0.000
0.639,-26.383,42.605,766.955,0.000
0.640,-26.443,42.549,766.960,0.000
0.640,-26.505,42.493,766.965,0.000
0.641,-26.568,42.435,766.969,0.000
0.641,-26.632,42.376,766.974,0.000
0.642,-26.698,42.316,766.979,0.000
0.642,-26.764,42.256,766.984,0.000
0.643,-26.832,42.194,766.989,0.000
0.643,-26.901,42.131,766.994,0.000
0.644,-26.971,42.067,767.000,0.000
0.644,-27.042,42.002,767.005,0.000
0.645,-27.114,41.936,767.010,0.000
0.645,-27.188,41.869,767.016,0.000
0.646,-27.262,41.800,767.021,0.000
0.646,-27.338,41.731,767.027,0.000
0.647,-27.415,41.661,767.032,0.000
0.647,-27.493,41.590,767.038,0.000
0.648,-27.572,41.517,767.044,0.000
0.648,-27.653,41.444,767.050,0.000
0.649,-27.734,41.370,767.056,0.000
0.649,-27.817,41.294,767.062,0.000
0.650,-27.900,41.218,767.068,0.000
0.650,-27.985,41.140,767.074,0.000
0.651,-28.071,41.062,767.080,0.000
0.651,-28.158,40.982,767.086,0.000
0.652,-28.247,40.902,767.092,0.000
0.652,-28.336,40.820,767.099,0.000
0.653,-28.427,40.737,767.105,0.000
0.653,-28.518,40.654,767.112,0.000
0.654,-28.611,40.569,767.118,0.000
0.654,-28.705,40.484,767.125,0.000
0.655,-28.799,40.397,767.132,0.000
0.655,-28.895,40.309,767.138,0.000
0.656,-28.993,40.221,767.145,0.000
0.656,-29.091,40.131,767.152,0.000
0.657,-29.190,40.041,767.159,0.000
0.657,-29.290,39.949,767.166,0.000
0.658,-29.392,39.857,767.173,0.000
0.658,-29.494,39.763,767.180,0.000
0.659,-29.598,39.669,767.187,0.000
0.659,-29.703,39.573,767.195,0.000
0.660,-29.808,39.477,767.202,0.000
0.660,-29.915,39.379,767.209,0.000
0.661,-30.023,39.281,767.217,0.000
0.661,-30.132,39.181,767.224,0.000
0.662,-30.242,39.081,767.232,0.000
0.662,-30.353,38.980,767.240,0.000
0.663,-30.465,38.878,767.247,0.000
0.663,-30.578,38.774,767.255,0.000
0.664,-30.693,38.670,767.263,0.000
0.664,-30.808,38.565,767.271,0.000
0.665,-30.924,38.459,767.279,0.000
0.665,-31.041,38.352,767.287,0.000
0.666,-31.160,38.244,767.295,0.000
0.666,-31.279,38.135,767.303,0.000
0.667,-31.400,38.026,767.312,0.000
0.667,-31.521,37.915,767.320,0.000
0.668,-31.643,37.803,767.328,0.000
0.668,-31.767,37.691,767.337,0.000
0.669,-31.891,37.577,767.345,0.000
0.669,-32.017,37.463,767.354,0.000
0.670,-32.143,37.348,767.362,0.000
0.670,-32.271,37.232,767.371,0.000
0.671,-32.399,37.115,767.380,0.000
0.671,-32.529,36.997,767.389,0.000
0.672,-32.659,36.878,767.398,0.000
0.672,-32.791,36.758,767.406,0.000
0.673,-32.923,36.637,767.415,0.000
0.673,-33.056,36.516,767.424,0.000
0.674,-33.191,36.393,767.434,0.000
0.674,-33.326,36.270,767.443,0.000
0.675,-33.462,36.146,767.452,0.000
0.675,-33.600,36.021,767.461,0.000
0.676,-33.738,35.895,767.471,0.000
0.676,-33.877,35.768,767.480,0.000
0.677,-34.017,35.640,767.490,0.000
0.677,-34.158,35.512,767.499,0.000
0.678,-34.300,35.382,767.509,0.000
0.678,-34.443,35.252,767.518,0.000
0.679,-34.587,35.121,767.528,0.000
0.679,-34.732,34.989,767.538,0.000
0.680,-34.878,34.856,767.548,0.000
0.680,-35.024,34.723,767.558,0.000
0.681,-35.172,34.589,767.568,0.000
0.681,-35.320,34.453,767.578,0.000
0.682,-35.470,34.317,767.588,0.000
0.682,-35.620,34.180,767.598,0.000
0.683,-35.771,34.043,767.608,0.000
0.683,-35.923,33.904,767.618,0.000
0.684,-36.076,33.765,767.629,0.000
0.684,-36.230,33.625,767.639,0.000
0.685,-36.385,33.484,767.650,0.000
0.685,-36.540,33.342,767.660,0.000
0.686,-36.697,33.200,767.671,0.000
0.686,-36.854,33.056,767.681,0.000
0.687,-37.013,32.912,767.692,0.000
0.687,-37.172,32.767,767.703,0.000
0.688,-37.332,32.622,767.713,0.000
0.688,-37.492,32.475,767.724,0.000
0.689,-37.654,32.328,767.735,0.000
0.689,-37.816,32.180,767.746,0.000
0.690,-37.980,32.032,767.757,0.000
0.690,-38.144,31.882,767.768,0.000
0.691,-38.309,31.732,767.779,0.000
0.691,-38.475,31.581,767.791,0.000
0.692,-38.641,31.429,767.802,0.000
0.692,-38.809,31.277,767.813,0.000
0.693,-38.977,31.124,767.825,0.000
0.693,-39.146,30.970,767.836,0.000
0.694,-39.316,30.815,767.847,0.000
0.694,-39.487,30.660,767.859,0.000
0.695,-39.658,30.504,767.871,0.000
0.695,-39.830,30.347,767.882,0.000
0.696,-40.003,30.189,767.894,0.000
0.696,-40.177,30.031,767.906,0.000
0.697,-40.352,29.872,767.918,0.000
0.697,-40.527,29.713,767.929,0.000
0.698,-40.703,29.553,767.941,0.000
0.698,-40.880,29.392,767.953,0.000
0.699,-41.058,29.230,767.965,0.000
0.699,-41.236,29.068,767.977,0.000
0.700,-41.415,28.905,767.990,0.000
0.700,-41.595,28.741,768.002,0.000
0.701,-41.775,28.577,768.014,0.000
0.701,-41.957,28.412,768.026,0.000
0.702,-42.139,28.246,768.039,0.000
0.702,-42.321,28.080,768.051,0.000
0.703,-42.505,27.913,768.064,0.000
0.703,-42.689,27.745,768.076,0.000
0.704,-42.874,27.577,768.089,0.000
0.704,-43.059,27.408,768.101,0.000
0.705,-43.246,27.239,768.114,0.000
0.705,-43.433,27.069,768.127,0.000
0.706,-43.620,26.898,768.139,0.000
0.706,-43.809,26.727,768.152,0.000
0.707,-43.998,26.555,768.165,0.000
0.707,-44.187,26.382,768.178,0.000
0.708,-44.377,26.209,768.191,0.000
0.708,-44.568,26.035,768.204,0.000
0.709,-44.760,25.861,768.217,0.000
0.709,-44.952,25.686,768.230,0.000
0.710,-45.145,25.511,768.243,0.000
0.710,-45.339,25.334,768.257,0.000
0.711,-45.533,25.158,768.270,0.000
0.711,-45.728,24.981,768.283,0.000
0.712,-45.923,24.803,768.297,0.000
0.712,-46.119,24.625,768.310,0.000
0.713,-46.316,24.446,768.323,0.000
0.713,-46.513,24.266,768.337,0.000
0.714,-46.711,24.086,768.351,0.000
0.714,-46.909,23.906,768.364,0.000
0.715,-47.109,23.725,768.378,0.000
0.715,-47.308,23.543,768.392,0.000
0.716,-47.508,23.361,768.405,0.000
0.716,-47.709,23.178,768.419,0.000
0.717,-47.910,22.995,768.433,0.000
0.717,-48.112,22.812,768.447,0.000
0.718,-48.315,22.627,768.461,0.000
0.718,-48.518,22.443,768.475,0.000
0.719,-48.721,22.258,768.489,0.000
0.719,-48.926,22.072,768.503,0.000
0.720,-49.130,21.886,768.517,0.000
0.720,-49.335,21.699,768.531,0.000
0.721,-49.541,21.512,768.545,0.000
0.721,-49.747,21.325,768.560,0.000
0.722,-49.954,21.137,768.574,0.000
0.722,-50.161,20.948,768.588,0.000
0.723,-50.369,20.759,768.603,0.000
0.723,-50.577,20.570,768.617,0.000
0.724,-50.786,20.380,768.632,0.000
0.724,-50.995,20.190,768.646,0.000
0.725,-51.205,19.999,768.661,0.000
0.725,-51.415,19.808,768.675,0.000
0.726,-51.626,19.617,768.690,0.000
0.726,-51.837,19.425,768.705,0.000
0.727,-52.049,19.232,768.719,0.000
0.727,-52.261,19.040,768.734,0.000
0.728,-52.473,18.846,768.749,0.000
0.728,-52.686,18.653,768.764,0.000
0.729,-52.899,18.459,768.779,0.000
0.729,-53.113,18.265,768.794,0.000
0.730,-53.327,18.070,768.809,0.000
0.730,-53.542,17.875,768.824,0.000
0.731,-53.757,17.679,768.839,0.000
0.731,-53.972,17.483,768.854,0.000
0.732,-54.188,17.287,768.869,0.000
0.732,-54.405,17.091,768.884,0.000
0.733,-54.621,16.894,768.899,0.000
0.733,-54.838,16.696,768.915,0.000
0.734,-55.056,16.499,768.930,0.000
0.734,-55.274,16.301,768.945,0.000
0.735,-55.492,16.102,768.961,0.000
0.735,-55.710,15.904,768.976,0.000
0.736,-55.929,15.705,768.991,0.000
0.736,-56.148,15.506,769.007,0.000
0.737,-56.368,15.306,769.022,0.000
0.737,-56.588,15.106,769.038,0.000
0.738,-56.808,14.906,769.054,0.000
0.738,-57.029,14.705,769.069,0.000
0.739,-57.250,14.505,769.085,0.000
0.739,-57.471,14.304,769.100,0.000
0.740,-57.692,14.102,769.116,0.000
0.740,-57.914,13.901,769.132,0.000
0.741,-58.136,13.699,769.148,0.000
0.741,-58.359,13.497,769.163,0.000
0.742,-58.581,13.294,769.179,0.000
0.742,-58.804,13.092,769.195,0.000
0.743,-59.028,12.889,769.211,0.000
0.743,-59.251,12.686,769.227,0.000
0.744,-59.475,12.482,769.243,0.000
0.744,-59.699,12.279,769.259,0.000
0.745,-59.923,12.075,769.275,0.000
0.745,-60.148,11.871,769.291,0.000
0.746,-60.373,11.667,769.307,0.000
0.746,-60.598,11.462,769.323,0.000
0.747,-60.823,11.257,769.339,0.000
0.747,-61.049,11.052,769.356,0.000
0.748,-61.274,10.847,769.372,0.000
0.748,-61.500,10.642,769.388,0.000
0.749,-61.727,10.437,769.404,0.000
0.749,-61.953,10.231,769.420,0.000
0.750,-62.179,10.025,769.437,0.000
0.750,-62.406,9.819,769.453,0.000
0.751,-62.633,9.613,769.469,0.000
0.751,-62.860,9.407,769.486,0.000
0.752,-63.088,9.200,769.502,0.000
0.752,-63.315,8.994,769.519,0.000
0.753,-63.543,8.787,769.535,0.000
0.753,-63.770,8.580,769.552,0.000
0.754,-63.998,8.373,769.568,0.000
0.754,-64.226,8.166,769.585,0.000
0.755,-64.454,7.958,769.601,0.000
0.755,-64.683,7.751,769.618,0.000
0.756,-64.911,7.544,769.634,0.000
0.756,-65.140,7.336,769.651,0.000
0.757,-65.368,7.128,769.668,0.000
0.757,-65.597,6.920,769.684,0.000
0.758,-65.826,6.713,769.701,0.000
0.758,-66.055,6.505,769.718,0.000
0.759,-66.284,6.297,769.734,0.000
0.759,-66.513,6.088,769.751,0.000
0.760,-66.743,5.880,769.768,0.000
0.760,-66.972,5.672,769.785,0.000
0.761,-67.201,5.464,769.802,0.000
0.761,-67.431,5.255,769.818,0.000
0.762,-67.660,5.047,769.835,0.000
0.762,-67.890,4.838,769.852,0.000
0.763,-68.119,4.630,769.869,0.000
0.763,-68.349,4.421,769.886,0.000
0.764,-68.579,4.213,769.903,0.000
0.764,-68.808,4.004,769.920,0.000
0.765,-69.038,3.796,769.936,0.000
0.765,-69.268,3.587,769.953,0.000
0.766,-69.498,3.378,769.970,0.000
0.766,-69.727,3.170,769.987,0.000
0.767,-69.957,2.961,770.004,0.000
0.767,-70.187,2.753,770.021,0.000
0.768,-70.417,2.544,770.038,0.000
0.768,-70.646,2.335,770.055,0.000
0.769,-70.876,2.127,770.072,0.000
0.769,-71.106,1.918,770.089,0.000
0.770,-71.335,1.710,770.106,0.000
0.770,-71.565,1.502,770.124,0.000
0.771,-71.794,1.293,770.141,0.000
0.771,-72.024,1.085,770.158,0.000
0.772,-72.253,0.877,770.175,0.000
0.772,-72.482,0.668,770.192,0.000
0.773,-72.712,0.460,770.209,0.000
0.773,-72.941,0.252,770.226,0.000
0.774,-73.170,0.044,770.243,0.000
0.774,-73.399,-0.164,770.260,0.000
0.775,-73.628,-0.371,770.277,0.000
0.775,-73.857,-0.579,770.295,0.000
0.776,-74.085,-0.787,770.312,0.000
0.776,-74.314,-0.994,770.329,0.000
0.777,-74.542,-1.202,770.346,0.000
0.777,-74.771,-1.409,770.363,0.000
0.778,-74.999,-1.616,770.380,0.000
0.778,-75.227,-1.823,770.398,0.000
0.779,-75.455,-2.030,770.415,0.000
0.779,-75.683,-2.237,770.432,0.000
0.780,-75.911,-2.443,770.449,0.000
0.780,-76.138,-2.650,770.466,0.000
0.781,-76.365,-2.856,770.483,0.000
0.781,-76.593,-3.062,770.501,0.000
0.782,-76.820,-3.268,770.518,0.000
0.782,-77.046,-3.474,770.535,0.000
0.783,-77.273,-3.680,770.552,0.000
0.783,-77.499,-3.885,770.569,0.000
0.784,-77.726,-4.091,770.586,0.000
0.784,-77.952,-4.296,770.604,0.000
0.785,-78.178,-4.501,770.621,0.000
0.785,-78.403,-4.705,770.638,0.000
0.786,-78.629,-4.910,770.655,0.000
0.786,-78.854,-5.114,770.672,0.000
0.787,-79.079,-5.318,770.689,0.000
0.787,-79.303,-5.522,770.706,0.000
0.788,-79.528,-5.726,770.724,0.000
0.788,-79.752,-5.929,770.741,0.000
0.789,-79.976,-6.133,770.758,0.000
0.789,-80.200,-6.336,770.775,0.000
0.790,-80.423,-6.538,770.792,0.000
0.790,-80.646,-6.741,770.809,0.000
0.791,-80.869,-6.943,770.826,0.000
0.791,-81.092,-7.145,770.843,0.000
0.792,-81.314,-7.347,770.860,0.000
0.792,-81.536,-7.548,770.877,0.000
0.793,-81.758,-7.749,770.895,0.000
0.793,-81.979,-7.950,770.912,0.000
0.794,-82.200,-8.151,770.929,0.000
0.794,-82.421,-8.351,770.946,0.000
0.795,-82.642,-8.551,770.963,0.000
0.795,-82.862,-8.751,770.980,0.000
0.796,-83.082,-8.950,770.997,0.000
0.796,-83.301,-9.149,771.014,0.000
0.797,-83.520,-9.348,771.030,0.000
0.797,-83.739,-9.547,771.047,0.000
0.798,-83.958,-9.745,771.064,0.000
0.798,-84.176,-9.943,771.081,0.000
0.799,-84.394,-10.140,771.098,0.000
0.799,-84.611,-10.337,771.115,0.000
0.800,-84.828,-10.534,771.132,0.000
0.800,-85.045,-10.731,771.149,0.000
0.801,-85.261,-10.927,771.165,0.000
0.801,-85.477,-11.123,771.182,0.000
0.802,-85.692,-11.318,771.199,0.000
0.802,-85.907,-11.513,771.216,0.000
0.803,-86.122,-11.708,771.233,0.000
0.803,-86.336,-11.902,771.249,0.000
0.804,-86.550,-12.096,771.266,0.000
0.804,-86.764,-12.290,771.283,0.000
0.805,-86.977,-12.483,771.299,0.000
0.805,-87.189,-12.676,771.316,0.000
0.806,-87.401,-12.868,771.333,0.000
0.806,-87.613,-13.060,771.349,0.000
0.807,-87.824,-13.252,771.366,0.000
0.807,-88.035,-13.443,771.382,0.000
0.808,-88.245,-13.633,771.399,0.000
0.808,-88.455,-13.824,771.415,0.000
0.809,-88.665,-14.014,771.432,0.000
0.809,-88.874,-14.203,771.448,0.000
0.810,-89.082,-14.392,771.464,0.000
0.810,-89.290,-14.581,771.481,0.000
0.811,-89.498,-14.769,771.497,0.000
0.811,-89.705,-14.957,771.514,0.000
0.812,-89.911,-15.144,771.530,0.000
0.812,-90.117,-15.331,771.546,0.000
0.813,-90.323,-15.517,771.562,0.000
0.813,-90.528,-15.703,771.578,0.000
0.814,-90.732,-15.888,771.595,0.000
0.814,-90.936,-16.073,771.611,0.000
0.815,-91.140,-16.258,771.627,0.000
0.815,-91.343,-16.442,771.643,0.000
0.816,-91.545,-16.625,771.659,0.000
0.816,-91.747,-16.808,771.675,0.000
0.817,-91.948,-16.990,771.691,0.000
0.817,-92.149,-17.172,771.707,0.000
0.818,-92.349,-17.354,771.723,0.000
0.818,-92.549,-17.535,771.739,0.000
0.819,-92.748,-17.715,771.754,0.000
0.819,-92.946,-17.895,771.770,0.000
0.820,-93.144,-18.075,771.786,0.000
0.820,-93.342,-18.253,771.802,0.000
0.821,-93.538,-18.432,771.817,0.000
0.821,-93.735,-18.610,771.833,0.000
0.822,-93.930,-18.787,771.849,0.000
0.822,-94.125,-18.964,771.864,0.000
0.823,-94.320,-19.140,771.880,0.000
0.823,-94.513,-19.315,771.895,0.000
0.824,-94.707,-19.491,771.911,0.000
0.824,-94.899,-19.665,771.926,0.000
0.825,-95.091,-19.839,771.941,0.000
0.825,-95.282,-20.012,771.957,0.000
0.826,-95.473,-20.185,771.972,0.000
0.826,-95.663,-20.357,771.987,0.000
0.827,-95.852,-20.529,772.002,0.000
0.827,-96.041,-20.700,772.018,0.000
0.828,-96.229,-20.871,772.033,0.000
0.828,-96.417,-21.040,772.048,0.000
0.829,-96.604,-21.210,772.063,0.000
0.829,-96.790,-21.378,772.078,0.000
0.830,-96.975,-21.546,772.093,0.000
0.830,-97.160,-21.714,772.107,0.000
0.831,-97.344,-21.881,772.122,0.000
0.831,-97.528,-22.047,772.137,0.000
0.832,-97.711,-22.213,772.152,0.000
0.832,-97.893,-22.378,772.166,0.000
0.833,-98.074,-22.542,772.181,0.000
0.833,-98.255,-22.706,772.196,0.000
0.834,-98.435,-22.869,772.210,0.000
0.834,-98.614,-23.031,772.225,0.000
0.835,-98.793,-23.193,772.239,0.000
0.835,-98.971,-23.354,772.253,0.000
0.836,-99.148,-23.515,772.268,0.000
0.836,-99.324,-23.675,772.282,0.000
0.837,-99.500,-23.834,772.296,0.000
0.837,-99.675,-23.992,772.310,0.000
0.838,-99.850,-24.150,772.324,0.000
0.838,-100.023,-24.307,772.339,0.000
0.839,-100.196,-24.464,772.353,0.000
0.839,-100.368,-24.620,772.366,0.000
0.840,-100.539,-24.775,772.380,0.000
0.840,-100.710,-24.929,772.394,0.000
0.841,-100.880,-25.083,772.408,0.000
0.841,-101.049,-25.236,772.422,0.000
0.842,-101.217,-25.389,772.435,0.000
0.842,-101.385,-25.540,772.449,0.000
0.843,-101.551,-25.692,772.462,0.000
0.843,-101.717,-25.842,772.476,0.000
0.844,-101.883,-25.991,772.489,0.000
0.844,-102.047,-26.140,772.503,0.000
0.845,-102.211,-26.289,772.516,0.000
0.845,-102.374,-26.436,772.529,0.000
0.846,-102.536,-26.583,772.542,0.000
0.846,-102.697,-26.729,772.556,0.000
0.847,-102.857,-26.874,772.569,0.000
0.847,-103.017,-27.019,772.582,0.000
0.848,-103.176,-27.162,772.595,0.000
0.848,-103.334,-27.305,772.607,0.000
0.849,-103.491,-27.448,772.620,0.000
0.849,-103.647,-27.589,772.633,0.000
0.850,-103.803,-27.730,772.646,0.000
0.850,-103.958,-27.870,772.658,0.000
0.851,-104.112,-28.010,772.671,0.000
0.851,-104.265,-28.148,772.683,0.000
0.852,-104.417,-28.286,772.696,0.000
0.852,-104.568,-28.423,772.708,0.000
0.853,-104.719,-28.559,772.720,0.000
0.853,-104.869,-28.695,772.732,0.000
0.854,-105.018,-28.830,772.745,0.000
0.854,-105.166,-28.964,772.757,0.000
0.855,-105.313,-29.097,772.769,0.000
0.855,-105.459,-29.229,772.781,0.000
0.856,-105.605,-29.361,772.792,0.000
0.856,-105.749,-29.492,772.804,0.000
0.857,-105.893,-29.622,772.816,0.000
0.857,-106.036,-29.751,772.828,0.000
0.858,-106.178,-29.880,772.839,0.000
0.858,-106.319,-30.007,772.851,0.000
0.859,-106.459,-30.134,772.862,0.000
0.859,-106.598,-30.260,772.874,0.000
0.860,-106.737,-30.385,772.885,0.000
0.860,-106.874,-30.510,772.896,0.000
0.861,-107.011,-30.633,772.907,0.000
0.861,-107.147,-30.756,772.918,0.000
0.862,-107.281,-30.878,772.929,0.000
0.862,-107.415,-30.999,772.940,0.000
0.863,-107.548,-31.120,772.951,0.000
0.863,-107.680,-31.239,772.962,0.000
0.864,-107.812,-31.358,772.973,0.000
0.864,-107.942,-31.476,772.983,0.000
0.865,-108.071,-31.593,772.994,0.000
0.865,-108.200,-31.709,773.004,0.000
0.866,-108.327,-31.824,773.015,0.000
0.866,-108.454,-31.939,773.025,0.000
0.867,-108.580,-32.053,773.035,0.000
0.867,-108.704,-32.165,773.045,0.000
0.868,-108.828,-32.277,773.055,0.000
0.868,-108.951,-32.389,773.065,0.000
0.869,-109.073,-32.499,773.075,0.000
0.869,-109.194,-32.608,773.085,0.000
0.870,-109.314,-32.717,773.095,0.000
0.870,-109.433,-32.825,773.105,0.000
0.871,-109.551,-32.931,773.114,0.000
0.871,-109.668,-33.037,773.124,0.000
0.872,-109.785,-33.142,773.133,0.000
0.872,-109.900,-33.247,773.143,0.000
0.873,-110.014,-33.350,773.152,0.000
0.873,-110.128,-33.453,773.161,0.000
0.874,-110.240,-33.554,773.170,0.000
0.874,-110.351,-33.655,773.179,0.000
0.875,-110.462,-33.755,773.188,0.000
0.875,-110.571,-33.854,773.197,0.000
0.876,-110.680,-33.952,773.206,0.000
0.876,-110.787,-34.049,773.215,0.000
0.877,-110.894,-34.145,773.223,0.000
0.877,-111.000,-34.241,773.232,0.000
0.878,-111.104,-34.335,773.240,0.000
0.878,-111.208,-34.429,773.249,0.000
0.879,-111.310,-34.522,773.257,0.000
0.879,-111.412,-34.614,773.265,0.000
0.880,-111.513,-34.705,773.273,0.000
0.880,-111.612,-34.795,773.281,0.000
0.881,-111.711,-34.884,773.289,0.000
0.881,-111.809,-34.972,773.297,0.000
0.882,-111.905,-35.059,773.305,0.000
0.882,-112.001,-35.146,773.313,0.000
0.883,-112.096,-35.231,773.320,0.000
0.883,-112.189,-35.316,773.328,0.000
0.884,-112.282,-35.399,773.335,0.000
0.884,-112.374,-35.482,773.343,0.000
0.885,-112.464,-35.564,773.350,0.000
0.885,-112.554,-35.645,773.357,0.000
0.886,-112.642,-35.725,773.364,0.000
0.886,-112.730,-35.804,773.371,0.000
0.887,-112.817,-35.882,773.378,0.000
0.887,-112.902,-35.960,773.385,0.000
0.888,-112.987,-36.036,773.392,0.000
0.888,-113.070,-36.111,773.398,0.000
0.889,-113.153,-36.186,773.405,0.000
0.889,-113.234,-36.259,773.411,0.000
0.890,-113.315,-36.332,773.418,0.000
0.890,-113.394,-36.404,773.424,0.000
0.891,-113.472,-36.474,773.430,0.000
0.891,-113.550,-36.544,773.436,0.000
0.892,-113.626,-36.613,773.442,0.000
0.892,-113.701,-36.681,773.448,0.000
0.893,-113.775,-36.748,773.454,0.000
0.893,-113.849,-36.814,773.460,0.000
0.894,-113.921,-36.879,773.465,0.000
0.894,-113.992,-36.943,773.471,0.000
0.895,-114.062,-37.006,773.476,0.000
0.895,-114.131,-37.069,773.482,0.000
0.896,-114.199,-37.130,773.487,0.000
0.896,-114.266,-37.190,773.492,0.000
0.897,-114.332,-37.250,773.497,0.000
0.897,-114.397,-37.308,773.502,0.000
0.898,-114.461,-37.366,773.507,0.000
0.898,-114.523,-37.422,773.512,0.000
0.899,-114.585,-37.478,773.517,0.000
0.899,-114.646,-37.533,773.521,0.000
0.900,-114.705,-37.586,773.526,0.000
0.900,-114.764,-37.639,773.530,0.000
0.901,-114.821,-37.691,773.534,0.000
0.901,-114.878,-37.742,773.539,0.000
0.902,-114.933,-37.792,773.543,0.000
0.902,-114.988,-37.841,773.547,0.000
0.903,-115.041,-37.889,773.551,0.000
0.903,-115.093,-37.936,773.555,0.000
0.904,-115.144,-37.982,773.559,0.000
0.904,-115.194,-38.027,773.562,0.000
0.905,-115.243,-38.071,773.566,0.000
0.905,-115.291,-38.114,773.569,0.000
0.906,-115.338,-38.156,773.573,0.000
0.906,-115.384,-38.197,773.576,0.000
0.907,-115.429,-38.238,773.579,0.000
0.907,-115.473,-38.277,773.582,0.000
0.908,-115.515,-38.315,773.585,0.000
0.908,-115.557,-38.353,773.588,0.000
0.909,-115.597,-38.389,773.591,0.000
0.909,-115.637,-38.425,773.594,0.000
0.910,-115.675,-38.459,773.597,0.000
0.910,-115.712,-38.493,773.599,0.000
0.911,-115.749,-38.525,773.602,0.000
0.911,-115.784,-38.557,773.604,0.000
0.912,-115.818,-38.587,773.606,0.000
0.912,-115.851,-38.617,773.608,0.000
0.913,-115.883,-38.646,773.610,0.000
0.913,-115.914,-38.673,773.612,0.000
0.914,-115.944,-38.700,773.614,0.000
0.914,-115.973,-38.726,773.616,0.000
0.915,-116.000,-38.751,773.618,0.000
0.915,-116.027,-38.774,773.619,0.000
0.916,-116.053,-38.797,773.621,0.000
0.916,-116.077,-38.819,773.622,0.000
0.917,-116.100,-38.840,773.624,0.000
0.917,-116.123,-38.860,773.625,0.000
0.918,-116.144,-38.879,773.626,0.000
0.918,-116.164,-38.897,773.627,0.000
0.919,-116.183,-38.914,773.628,0.000
0.919,-116.202,-38.930,773.629,0.000
0.920,-116.219,-38.945,773.629,0.000
0.920,-116.234,-38.959,773.630,0.000
0.921,-116.249,-38.972,773.630,0.000
0.921,-116.263,-38.985,773.631,0.000
0.922,-116.276,-38.996,773.631,0.000
0.922,-116.287,-39.006,773.632,0.000
0.923,-116.298,-39.015,773.632,0.000
0.923,-116.308,-39.024,773.632,0.000
0.924,-116.316,-39.031,773.632,0.000
0.924,-116.323,-39.037,773.632,0.000
0.925,-116.330,-39.043,773.631,0.000
0.925,-116.335,-39.047,773.631,0.000
0.926,-116.339,-39.051,773.631,0.000
0.926,-116.342,-39.053,773.630,0.000
0.927,-116.344,-39.055,773.630,0.000
0.927,-116.345,-39.055,773.629,0.000
0.928,-116.345,-39.055,773.628,0.000
0.928,-116.344,-39.053,773.627,0.000
0.929,-116.342,-39.051,773.626,0.000
0.929,-116.339,-39.048,773.625,0.000
0.930,-116.334,-39.044,773.624,0.000
0.930,-116.329,-39.038,773.623,0.000
0.931,-116.322,-39.032,773.621,0.000
0.931,-116.315,-39.025,773.620,0.000
0.932,-116.306,-39.017,773.618,0.000
0.932,-116.297,-39.008,773.617,0.000
0.933,-116.286,-38.998,773.615,0.000
0.933,-116.274,-38.987,773.613,0.000
0.934,-116.261,-38.975,773.611,0.000
0.934,-116.248,-38.962,773.609,0.000
0.935,-116.233,-38.948,773.607,0.000
0.935,-116.217,-38.933,773.605,0.000
0.936,-116.200,-38.918,773.602,0.000
0.936,-116.182,-38.901,773.600,0.000
0.937,-116.162,-38.883,773.597,0.000
0.937,-116.142,-38.865,773.595,0.000
0.938,-116.121,-38.845,773.592,0.000
0.938,-116.099,-38.825,773.589,0.000
0.939,-116.075,-38.803,773.587,0.000
0.939,-116.051,-38.781,773.584,0.000
0.940,-116.026,-38.757,773.581,0.000
0.940,-115.999,-38.733,773.577,0.000
0.941,-115.972,-38.708,773.574,0.000
0.941,-115.943,-38.682,773.571,0.000
0.942,-115.913,-38.654,773.567,0.000
0.942,-115.883,-38.626,773.564,0.000
0.943,-115.851,-38.597,773.560,0.000
0.943,-115.818,-38.567,773.557,0.000
0.944,-115.785,-38.536,773.553,0.000
0.944,-115.750,-38.505,773.549,0.000
0.945,-115.714,-38.472,773.545,0.000
0.945,-115.677,-38.438,773.541,0.000
0.946,-115.639,-38.404,773.537,0.000
0.946,-115.601,-38.368,773.533,0.000
0.947,-115.561,-38.331,773.528,0.000
0.947,-115.520,-38.294,773.524,0.000
0.948,-115.478,-38.256,773.519,0.000
0.948,-115.435,-38.216,773.515,0.000
0.949,-115.391,-38.176,773.510,0.000
0.949,-115.346,-38.135,773.505,0.000
0.950,-115.300,-38.093,773.500,0.000
0.950,-115.253,-38.050,773.495,0.000
0.951,-115.205,-38.006,773.490,0.000
0.951,-115.155,-37.961,773.485,0.000
0.952,-115.105,-37.916,773.480,0.000
0.952,-115.054,-37.869,773.475,0.000
0.953,-115.002,-37.821,773.469,0.000
0.953,-114.949,-37.773,773.464,0.000
0.954,-114.895,-37.724,773.458,0.000
0.954,-114.840,-37.673,773.453,0.000
0.955,-114.784,-37.622,773.447,0.000
0.955,-114.727,-37.570,773.441,0.000
0.956,-114.669,-37.517,773.435,0.000
0.956,-114.609,-37.463,773.429,0.000
0.957,-114.549,-37.409,773.423,0.000
0.957,-114.488,-37.353,773.417,0.000
0.958,-114.426,-37.296,773.411,0.000
0.958,-114.363,-37.239,773.404,0.000
0.959,-114.299,-37.181,773.398,0.000
0.959,-114.234,-37.121,773.391,0.000
0.960,-114.168,-37.061,773.385,0.000
0.960,-114.101,-37.000,773.378,0.000
0.961,-114.033,-36.938,773.371,0.000
0.961,-113.964,-36.876,773.364,0.000
0.962,-113.894,-36.812,773.358,0.000
0.962,-113.824,-36.747,773.351,0.000
0.963,-113.752,-36.682,773.343,0.000
0.963,-113.679,-36.616,773.336,0.000
0.964,-113.605,-36.549,773.329,0.000
0.964,-113.531,-36.481,773.322,0.000
0.965,-113.455,-36.412,773.314,0.000
0.965,-113.378,-36.342,773.307,0.000
0.966,-113.301,-36.271,773.299,0.000
0.966,-113.222,-36.200,773.292,0.000
0.967,-113.143,-36.128,773.284,0.000
0.967,-113.062,-36.054,773.276,0.000
0.968,-112.981,-35.980,773.268,0.000
0.968,-112.899,-35.906,773.260,0.000
0.969,-112.816,-35.830,773.252,0.000
0.969,-112.732,-35.753,773.244,0.000
0.970,-112.646,-35.676,773.236,0.000
0.970,-112.560,-35.598,773.227,0.000
0.971,-112.474,-35.519,773.219,0.000
0.971,-112.386,-35.439,773.211,0.000
0.972,-112.297,-35.358,773.202,0.000
0.972,-112.207,-35.276,773.194,0.000
0.973,-112.117,-35.194,773.185,0.000
0.973,-112.025,-35.111,773.176,0.000
0.974,-111.933,-35.027,773.167,0.000
0.974,-111.839,-34.942,773.158,0.000
0.975,-111.745,-34.856,773.149,0.000
0.975,-111.650,-34.769,773.140,0.000
0.976,-111.554,-34.682,773.131,0.000
0.976,-111.457,-34.594,773.122,0.000
0.977,-111.359,-34.505,773.113,0.000
0.977,-111.261,-34.415,773.103,0.000
0.978,-111.161,-34.325,773.094,0.000
0.978,-111.060,-34.233,773.085,0.000
0.979,-110.959,-34.141,773.075,0.000
0.979,-110.857,-34.048,773.065,0.000
0.980,-110.754,-33.954,773.056,0.000
0.980,-110.650,-33.860,773.046,0.000
0.981,-110.545,-33.765,773.036,0.000
0.981,-110.439,-33.668,773.026,0.000
0.982,-110.333,-33.572,773.016,0.000
0.982,-110.225,-33.474,773.006,0.000
0.983,-110.117,-33.375,772.996,0.000
0.983,-110.008,-33.276,772.986,0.000
0.984,-109.898,-33.176,772.976,0.000
0.984,-109.787,-33.075,772.965,0.000
0.985,-109.675,-32.974,772.955,0.000
0.985,-109.563,-32.872,772.945,0.000
0.986,-109.449,-32.769,772.934,0.000
0.986,-109.335,-32.665,772.923,0.000
0.987,-109.220,-32.560,772.913,0.000
0.987,-109.104,-32.455,772.902,0.000
0.988,-108.988,-32.349,772.891,0.000
0.988,-108.870,-32.242,772.881,0.000
0.989,-108.752,-32.135,772.870,0.000
0.989,-108.633,-32.026,772.859,0.000
0.990,-108.513,-31.917,772.848,0.000
0.990,-108.392,-31.808,772.837,0.000
0.991,-108.271,-31.697,772.825,0.000
0.991,-108.148,-31.586,772.814,0.000
0.992,-108.025,-31.474,772.803,0.000
0.992,-107.901,-31.362,772.792,0.000
0.993,-107.777,-31.248,772.780,0.000
0.993,-107.651,-31.134,772.769,0.000
0.994,-107.525,-31.020,772.757,0.000
0.994,-107.398,-30.904,772.746,0.000
0.995,-107.270,-30.788,772.734,0.000
0.995,-107.141,-30.671,772.722,0.000
0.996,-107.012,-30.554,772.711,0.000
0.996,-106.882,-30.435,772.699,0.000
0.997,-106.751,-30.316,772.687,0.000
0.997,-106.619,-30.197,772.675,0.000
0.998,-106.487,-30.077,772.663,0.000
0.998,-106.354,-29.956,772.651,0.000
0.999,-106.220,-29.834,772.639,0.000
0.999,-106.085,-29.712,772.627,0.000
1.000,-105.950,-29.589,772.615,0.000
1.000,-105.814,-29.465,772.602,0.000
1.001,-105.677,-29.341,772.590,0.000
1.001,-105.539,-29.216,772.578,0.000
1.002,-105.401,-29.090,772.565,0.000
1.002,-105.262,-28.964,772.553,0.000
1.003,-105.122,-28.837,772.540,0.000
1.003,-104.982,-28.709,772.528,0.000
1.004,-104.841,-28.581,772.515,0.000
1.004,-104.699,-28.452,772.503,0.000
1.005,-104.557,-28.323,772.490,0.000
1.005,-104.413,-28.193,772.477,0.000
1.006,-104.269,-28.062,772.464,0.000
1.006,-104.125,-27.931,772.451,0.000
1.007,-103.980,-27.799,772.439,0.000
1.007,-103.834,-27.666,772.426,0.000
1.008,-103.687,-27.533,772.413,0.000
1.008,-103.540,-27.399,772.400,0.000
1.009,-103.392,-27.265,772.386,0.000
1.009,-103.243,-27.130,772.373,0.000
1.010,-103.094,-26.994,772.360,0.000
1.010,-102.944,-26.858,772.347,0.000
1.011,-102.793,-26.721,772.334,0.000
1.011,-102.642,-26.584,772.320,0.000
1.012,-102.490,-26.446,772.307,0.000
1.012,-102.338,-26.307,772.294,0.000
1.013,-102.184,-26.168,772.280,0.000
1.013,-102.031,-26.029,772.267,0.000
1.014,-101.876,-25.888,772.253,0.000
1.014,-101.721,-25.748,772.240,0.000
1.015,-101.566,-25.606,772.226,0.000
1.015,-101.409,-25.464,772.212,0.000
1.016,-101.252,-25.322,772.199,0.000
1.016,-101.095,-25.179,772.185,0.000
1.017,-100.937,-25.035,772.171,0.000
1.017,-100.778,-24.891,772.157,0.000
1.018,-100.619,-24.747,772.143,0.000
1.018,-100.459,-24.601,772.130,0.000
1.019,-100.299,-24.456,772.116,0.000
1.019,-100.138,-24.309,772.102,0.000
1.020,-99.976,-24.163,772.088,0.000
1.020,-99.814,-24.016,772.074,0.000
1.021,-99.651,-23.868,772.060,0.000
1.021,-99.488,-23.719,772.046,0.000
1.022,-99.324,-23.571,772.031,0.000
1.022,-99.160,-23.421,772.017,0.000
1.023,-98.995,-23.272,772.003,0.000
1.023,-98.829,-23.121,771.989,0.000
1.024,-98.663,-22.971,771.975,0.000
1.024,-98.497,-22.819,771.960,0.000
1.025,-98.330,-22.668,771.946,0.000
1.025,-98.162,-22.516,771.932,0.000
1.026,-97.994,-22.363,771.917,0.000
1.026,-97.826,-22.210,771.903,0.000
1.027,-97.656,-22.056,771.889,0.000
1.027,-97.487,-21.902,771.874,0.000
1.028,-97.317,-21.748,771.860,0.000
1.028,-97.146,-21.593,771.845,0.000
1.029,-96.975,-21.437,771.830,0.000
1.029,-96.803,-21.281,771.816,0.000
1.030,-96.631,-21.125,771.801,0.000
1.030,-96.458,-20.968,771.787,0.000
1.031,-96.285,-20.811,771.772,0.000
1.031,-96.112,-20.654,771.757,0.000
1.032,-95.938,-20.496,771.743,0.000
1.032,-95.763,-20.337,771.728,0.000
1.033,-95.589,-20.179,771.713,0.000
1.033,-95.413,-20.019,771.698,0.000
1.034,-95.237,-19.860,771.684,0.000
1.034,-95.061,-19.700,771.669,0.000
1.035,-94.884,-19.539,771.654,0.000
1.035,-94.707,-19.378,771.639,0.000
1.036,-94.530,-19.217,771.624,0.000
1.036,-94.352,-19.056,771.609,0.000
1.037,-94.173,-18.894,771.594,0.000
1.037,-93.995,-18.731,771.580,0.000
1.038,-93.815,-18.569,771.565,0.000
1.038,-93.636,-18.405,771.550,0.000
1.039,-93.456,-18.242,771.535,0.000
1.039,-93.275,-18.078,771.520,0.000
1.040,-93.094,-17.914,771.505,0.000
1.040,-92.913,-17.749,771.490,0.000
1.041,-92.732,-17.585,771.474,0.000
1.041,-92.550,-17.419,771.459,0.000
1.042,-92.367,-17.254,771.444,0.000
1.042,-92.185,-17.088,771.429,0.000
1.043,-92.002,-16.922,771.414,0.000
1.043,-91.818,-16.755,771.399,0.000
1.044,-91.634,-16.588,771.384,0.000
1.044,-91.450,-16.421,771.369,0.000
1.045,-91.266,-16.254,771.353,0.000
1.045,-91.081,-16.086,771.338,0.000
1.046,-90.896,-15.918,771.323,0.000
1.046,-90.711,-15.750,771.308,0.000
1.047,-90.525,-15.581,771.293,0.000
1.047,-90.339,-15.412,771.278,0.000
1.048,-90.152,-15.243,771.262,0.000
1.048,-89.966,-15.073,771.247,0.000
1.049,-89.779,-14.904,771.232,0.000
1.049,-89.591,-14.733,771.217,0.000
1.050,-89.404,-14.563,771.201,0.000
1.050,-89.216,-14.393,771.186,0.000
1.051,-89.028,-14.222,771.171,0.000
1.051,-88.839,-14.051,771.155,0.000
1.052,-88.650,-13.879,771.140,0.000
1.052,-88.461,-13.708,771.125,0.000
1.053,-88.272,-13.536,771.110,0.000
1.053,-88.083,-13.364,771.094,0.000
1.054,-87.893,-13.192,771.079,0.000
