0.000,0.000
0.001,1.096
0.001,1.142
0.002,1.186
0.002,1.228
0.003,1.269
0.003,1.307
0.004,1.343
0.004,1.378
0.005,1.410
0.005,1.442
0.006,1.471
0.006,1.499
0.007,1.525
0.007,1.550
0.008,1.574
0.008,1.596
0.009,1.617
0.009,1.637
0.010,1.656
0.010,1.673
0.011,1.689
0.011,1.705
0.012,1.719
0.012,1.732
0.013,1.745
0.013,1.756
0.014,1.767
0.014,1.777
0.015,1.786
0.015,1.795
0.016,1.803
0.016,1.810
0.017,1.817
0.017,1.823
0.018,1.829
0.018,1.834
0.019,1.838
0.019,1.843
0.020,1.847
0.020,1.850
0.021,1.853
0.021,1.856
0.022,1.859
0.022,1.861
0.023,1.863
0.023,1.865
0.024,1.867
0.024,1.868
0.025,1.870
0.025,1.871
0.026,1.872
0.026,1.873
0.027,1.874
0.027,1.875
0.028,1.876
0.028,1.876
0.029,1.877
0.029,1.878
0.030,1.879
0.030,1.880
0.031,1.881
0.031,1.881
0.032,1.882
0.032,1.883
0.033,1.885
0.033,1.886
0.034,1.887
0.034,1.888
0.035,1.890
0.035,1.891
0.036,1.893
0.036,1.895
0.037,1.897
0.037,1.899
0.038,1.901
0.038,1.903
0.039,1.906
0.039,1.909
0.040,1.911
0.040,1.914
0.041,1.917
0.041,1.920
0.042,1.924
0.042,1.927
0.043,1.931
0.043,1.935
0.044,1.939
0.044,1.943
0.045,1.947
0.045,1.952
0.046,1.956
0.046,1.961
0.047,1.966
0.047,1.971
0.048,1.976
0.048,1.981
0.049,1.987
0.049,1.992
0.050,1.998
0.050,2.004
0.051,2.010
0.051,2.016
0.052,2.023
0.052,2.029
0.053,2.036
0.053,2.042
0.054,2.049
0.054,2.056
0.055,2.063
0.055,2.070
0.056,2.077
0.056,2.085
0.057,2.092
0.057,2.100
0.058,2.107
0.058,2.115
0.059,2.123
0.059,2.131
0.060,2.139
0.060,2.147
0.061,2.155
0.061,2.163
0.062,2.171
0.062,2.180
0.063,2.188
0.063,2.197
0.064,2.205
0.064,2.214
0.065,2.222
0.065,2.231
0.066,2.240
0.066,2.249
0.067,2.257
0.067,2.266
0.068,2.275
0.068,2.284
0.069,2.293
0.069,2.302
0.070,2.311
0.070,2.320
0.071,2.329
0.071,2.338
0.072,2.347
0.072,2.356
0.073,2.365
0.073,2.374
0.074,2.383
0.074,2.392
0.075,2.401
0.075,2.410
0.076,2.419
0.076,2.428
0.077,2.437
0.077,2.446
0.078,2.455
0.078,2.464
0.079,2.473
0.079,2.482
0.080,2.491
0.080,2.500
0.081,2.509
0.081,2.517
0.082,2.526
0.082,2.535
0.083,2.543
0.083,2.552
0.084,2.561
0.084,2.569
0.085,2.578
0.085,2.586
0.086,2.595
0.086,2.603
0.087,2.611
0.087,2.620
0.088,2.628
0.088,2.636
0.089,2.644
0.089,2.652
0.090,2.660
0.090,2.668
0.091,2.676
0.091,2.684
0.092,2.692
0.092,2.699
0.093,2.707
0.093,2.715
0.094,2.722
0.094,2.730
0.095,2.737
0.095,2.744
0.096,2.752
0.096,2.759
0.097,2.766
0.097,2.773
0.098,2.780
0.098,2.787
0.099,2.794
0.099,2.800
0.100,2.807
0.100,2.814
0.101,2.820
0.101,2.827
0.102,2.833
0.102,2.839
0.103,2.846
0.103,2.852
0.104,2.858
0.104,2.864
0.105,2.870
0.105,2.876
0.106,2.881
0.106,2.887
0.107,2.893
0.107,2.898
0.108,2.904
0.108,2.909
0.109,2.915
0.109,2.920
0.110,2.925
0.110,2.930
0.111,2.935
0.111,2.940
0.112,2.945
0.112,2.949
0.113,2.954
0.113,2.959
0.114,2.963
0.114,2.968
0.115,2.972
0.115,2.976
0.116,2.980
0.116,2.984
0.117,2.988
0.117,2.992
0.118,2.996
0.118,3.000
0.119,3.004
0.119,3.007
0.120,3.011
0.120,3.014
0.121,3.018
0.121,3.021
0.122,3.024
0.122,3.027
0.123,3.030
0.123,3.033
0.124,3.036
0.124,3.039
0.125,3.041
0.125,3.044
0.126,3.047
0.126,3.049
0.127,3.051
0.127,3.054
0.128,3.056
0.128,3.058
0.129,3.060
0.129,3.062
0.130,3.064
0.130,3.066
0.131,3.067
0.131,3.069
0.132,3.071
0.132,3.072
0.133,3.073
0.133,3.075
0.134,3.076
0.134,3.077
0.135,3.078
0.135,3.079
0.136,3.080
0.136,3.081
0.137,3.081
0.137,3.082
0.138,3.083
0.138,3.083
0.139,3.084
0.139,3.084
0.140,3.084
0.140,3.084
0.141,3.084
0.141,3.084
0.142,3.084
0.142,3.084
0.143,3.084
0.143,3.084
0.144,3.083
0.144,3.083
0.145,3.082
0.145,3.082
0.146,3.081
0.146,3.080
0.147,3.079
0.147,3.078
0.148,3.077
0.148,3.076
0.149,3.075
0.149,3.074
0.150,3.072
0.150,3.071
0.151,3.069
0.151,3.068
0.152,3.066
0.152,3.064
0.153,3.063
0.153,3.061
0.154,3.059
0.154,3.057
0.155,3.054
0.155,3.052
0.156,3.050
0.156,3.048
0.157,3.045
0.157,3.043
0.158,3.040
0.158,3.037
0.159,3.035
0.159,3.032
0.160,3.029
0.160,3.026
0.161,3.023
0.161,3.020
0.162,3.017
0.162,3.013
0.163,3.010
0.163,3.007
0.164,3.003
0.164,3.000
0.165,2.996
0.165,2.992
0.166,2.989
0.166,2.985
0.167,2.981
0.167,2.977
0.168,2.973
0.168,2.968
0.169,2.964
0.169,2.960
0.170,2.956
0.170,2.951
0.171,2.947
0.171,2.942
0.172,2.937
0.172,2.933
0.173,2.928
0.173,2.923
0.174,2.918
0.174,2.913
0.175,2.908
0.175,2.903
0.176,2.897
0.176,2.892
0.177,2.887
0.177,2.881
0.178,2.876
0.178,2.870
0.179,2.865
0.179,2.859
0.180,2.853
0.180,2.847
0.181,2.841
0.181,2.835
0.182,2.829
0.182,2.823
0.183,2.817
0.183,2.810
0.184,2.804
0.184,2.798
0.185,2.791
0.185,2.785
0.186,2.778
0.186,2.771
0.187,2.765
0.187,2.758
0.188,2.751
0.188,2.744
0.189,2.737
0.189,2.730
0.190,2.723
0.190,2.716
0.191,2.708
0.191,2.701
0.192,2.694
0.192,2.686
0.193,2.679
0.193,2.671
0.194,2.663
0.194,2.656
0.195,2.648
0.195,2.640
0.196,2.632
0.196,2.624
0.197,2.616
0.197,2.608
0.198,2.600
0.198,2.591
0.199,2.583
0.199,2.575
0.200,2.566
0.200,2.558
0.201,2.549
0.201,2.541
0.202,2.532
0.202,2.524
0.203,2.515
0.203,2.506
0.204,2.497
0.204,2.488
0.205,2.479
0.205,2.470
0.206,2.461
0.206,2.452
0.207,2.443
0.207,2.433
0.208,2.424
0.208,2.414
0.209,2.405
0.209,2.396
0.210,2.386
0.210,2.376
0.211,2.367
0.211,2.357
0.212,2.347
0.212,2.337
0.213,2.327
0.213,2.317
0.214,2.307
0.214,2.297
0.215,2.287
0.215,2.277
0.216,2.267
0.216,2.257
0.217,2.246
0.217,2.236
0.218,2.225
0.218,2.215
0.219,2.204
0.219,2.194
0.220,2.183
0.220,2.173
0.221,2.162
0.221,2.151
0.222,2.140
0.222,2.129
0.223,2.118
0.223,2.108
0.224,2.096
0.224,2.085
0.225,2.074
0.225,2.063
0.226,2.052
0.226,2.041
0.227,2.029
0.227,2.018
0.228,2.007
0.228,1.995
0.229,1.984
0.229,1.972
0.230,1.961
0.230,1.949
0.231,1.937
0.231,1.926
0.232,1.914
0.232,1.902
0.233,1.890
0.233,1.879
0.234,1.867
0.234,1.855
0.235,1.843
0.235,1.831
0.236,1.819
0.236,1.806
0.237,1.794
0.237,1.782
0.238,1.770
0.238,1.758
0.239,1.745
0.239,1.733
0.240,1.721
0.240,1.708
0.241,1.696
0.241,1.683
0.242,1.671
0.242,1.658
0.243,1.646
0.243,1.633
0.244,1.620
0.244,1.608
0.245,1.595
0.245,1.582
0.246,1.569
0.246,1.556
0.247,1.544
0.247,1.531
0.248,1.518
0.248,1.505
0.249,1.492
0.249,1.479
0.250,1.466
0.250,1.453
0.251,1.439
0.251,1.426
0.252,1.413
0.252,1.400
0.253,1.387
0.253,1.373
0.254,1.360
0.254,1.347
0.255,1.333
0.255,1.320
0.256,1.307
0.256,1.293
0.257,1.280
0.257,1.266
0.258,1.253
0.258,1.239
0.259,1.226
0.259,1.212
0.260,1.199
0.260,1.185
0.261,1.171
0.261,1.158
0.262,1.144
0.262,1.130
0.263,1.116
0.263,1.103
0.264,1.089
0.264,1.075
0.265,1.061
0.265,1.047
0.266,1.034
0.266,1.020
0.267,1.006
0.267,0.992
0.268,0.978
0.268,0.964
0.269,0.950
0.269,0.936
0.270,0.922
0.270,0.908
0.271,0.894
0.271,0.880
0.272,0.866
0.272,0.852
0.273,0.838
0.273,0.824
0.274,0.809
0.274,0.795
0.275,0.781
0.275,0.767
0.276,0.753
0.276,0.739
0.277,0.724
0.277,0.710
0.278,0.696
0.278,0.682
0.279,0.668
0.279,0.653
0.280,0.639
0.280,0.625
0.281,0.611
0.281,0.596
0.282,0.582
0.282,0.568
0.283,0.553
0.283,0.539
0.284,0.525
0.284,0.510
0.285,0.496
0.285,0.482
0.286,0.467
0.286,0.453
0.287,0.439
0.287,0.424
0.288,0.410
0.288,0.396
0.289,0.381
0.289,0.367
0.290,0.353
0.290,0.338
0.291,0.324
0.291,0.309
0.292,0.295
0.292,0.281
0.293,0.266
0.293,0.252
0.294,0.238
0.294,0.223
0.295,0.209
0.295,0.194
0.296,0.180
0.296,0.166
0.297,0.151
0.297,0.137
0.298,0.123
0.298,0.108
0.299,0.094
0.299,0.080
0.300,0.065
0.300,0.051
0.301,0.037
0.301,0.022
0.302,0.008
0.302,-0.006
0.303,-0.021
0.303,-0.035
0.304,-0.049
0.304,-0.063
0.305,-0.078
0.305,-0.092
0.306,-0.106
0.306,-0.120
0.307,-0.135
0.307,-0.149
0.308,-0.163
0.308,-0.177
0.309,-0.191
0.309,-0.206
0.310,-0.220
0.310,-0.234
0.311,-0.248
0.311,-0.262
0.312,-0.276
0.312,-0.290
0.313,-0.304
0.313,-0.318
0.314,-0.332
0.314,-0.347
0.315,-0.361
0.315,-0.375
0.316,-0.389
0.316,-0.402
0.317,-0.416
0.317,-0.430
0.318,-0.444
0.318,-0.458
0.319,-0.472
0.319,-0.486
0.320,-0.500
0.320,-0.514
0.321,-0.527
0.321,-0.541
0.322,-0.555
0.322,-0.569
0.323,-0.582
0.323,-0.596
0.324,-0.610
0.324,-0.623
0.325,-0.637
0.325,-0.651
0.326,-0.664
0.326,-0.678
0.327,-0.691
0.327,-0.705
0.328,-0.718
0.328,-0.732
0.329,-0.745
0.329,-0.758
0.330,-0.772
0.330,-0.785
0.331,-0.798
0.331,-0.812
0.332,-0.825
0.332,-0.838
0.333,-0.852
0.333,-0.865
0.334,-0.878
0.334,-0.891
0.335,-0.904
0.335,-0.917
0.336,-0.930
0.336,-0.943
0.337,-0.956
0.337,-0.969
0.338,-0.982
0.338,-0.995
0.339,-1.008
0.339,-1.021
0.340,-1.033
0.340,-1.046
0.341,-1.059
0.341,-1.072
0.342,-1.084
0.342,-1.097
0.343,-1.109
0.343,-1.122
0.344,-1.135
0.344,-1.147
0.345,-1.159
0.345,-1.172
0.346,-1.184
0.346,-1.197
0.347,-1.209
0.347,-1.221
0.348,-1.233
0.348,-1.246
0.349,-1.258
0.349,-1.270
0.350,-1.282
0.350,-1.294
0.351,-1.306
0.351,-1.318
0.352,-1.330
0.352,-1.342
0.353,-1.354
0.353,-1.365
0.354,-1.377
0.354,-1.389
0.355,-1.401
0.355,-1.412
0.356,-1.424
0.356,-1.435
0.357,-1.447
0.357,-1.458
0.358,-1.470
0.358,-1.481
0.359,-1.493
0.359,-1.504
0.360,-1.515
0.360,-1.526
0.361,-1.538
0.361,-1.549
0.362,-1.560
0.362,-1.571
0.363,-1.582
0.363,-1.593
0.364,-1.604
0.364,-1.615
0.365,-1.625
0.365,-1.636
0.366,-1.647
0.366,-1.657
0.367,-1.668
0.367,-1.679
0.368,-1.689
0.368,-1.700
0.369,-1.710
0.369,-1.720
0.370,-1.731
0.370,-1.741
0.371,-1.751
0.371,-1.762
0.372,-1.772
0.372,-1.782
0.373,-1.792
0.373,-1.802
0.374,-1.812
0.374,-1.822
0.375,-1.831
0.375,-1.841
0.376,-1.851
0.376,-1.861
0.377,-1.870
0.377,-1.880
0.378,-1.889
0.378,-1.899
0.379,-1.908
0.379,-1.918
0.380,-1.927
0.380,-1.936
0.381,-1.945
0.381,-1.954
0.382,-1.964
0.382,-1.973
0.383,-1.982
0.383,-1.991
0.384,-1.999
0.384,-2.008
0.385,-2.017
0.385,-2.026
0.386,-2.034
0.386,-2.043
0.387,-2.051
0.387,-2.060
0.388,-2.068
0.388,-2.077
0.389,-2.085
0.389,-2.093
0.390,-2.102
0.390,-2.110
0.391,-2.118
0.391,-2.126
0.392,-2.134
0.392,-2.142
0.393,-2.150
0.393,-2.157
0.394,-2.165
0.394,-2.173
0.395,-2.180
0.395,-2.188
0.396,-2.195
0.396,-2.203
0.397,-2.210
0.397,-2.218
0.398,-2.225
0.398,-2.232
0.399,-2.239
0.399,-2.246
0.400,-2.253
0.400,-2.260
0.401,-2.267
0.401,-2.274
0.402,-2.281
0.402,-2.288
0.403,-2.294
0.403,-2.301
0.404,-2.307
0.404,-2.314
0.405,-2.320
0.405,-2.327
0.406,-2.333
0.406,-2.339
0.407,-2.345
0.407,-2.351
0.408,-2.357
0.408,-2.363
0.409,-2.369
0.409,-2.375
0.410,-2.381
0.410,-2.387
0.411,-2.392
0.411,-2.398
0.412,-2.403
0.412,-2.409
0.413,-2.414
0.413,-2.420
0.414,-2.425
0.414,-2.430
0.415,-2.435
0.415,-2.440
0.416,-2.445
0.416,-2.450
0.417,-2.455
0.417,-2.460
0.418,-2.465
0.418,-2.470
0.419,-2.474
0.419,-2.479
0.420,-2.483
0.420,-2.488
0.421,-2.492
0.421,-2.496
0.422,-2.501
0.422,-2.505
0.423,-2.509
0.423,-2.513
0.424,-2.517
0.424,-2.521
0.425,-2.525
0.425,-2.529
0.426,-2.532
0.426,-2.536
0.427,-2.540
0.427,-2.543
0.428,-2.547
0.428,-2.550
0.429,-2.553
0.429,-2.557
0.430,-2.560
0.430,-2.563
0.431,-2.566
0.431,-2.569
0.432,-2.572
0.432,-2.575
0.433,-2.577
0.433,-2.580
0.434,-2.583
0.434,-2.585
0.435,-2.588
0.435,-2.590
0.436,-2.593
0.436,-2.595
0.437,-2.597
0.437,-2.600
0.438,-2.602
0.438,-2.604
0.439,-2.606
0.439,-2.608
0.440,-2.610
0.440,-2.611
0.441,-2.613
0.441,-2.615
0.442,-2.616
0.442,-2.618
0.443,-2.619
0.443,-2.621
0.444,-2.622
0.444,-2.623
0.445,-2.625
0.445,-2.626
0.446,-2.627
0.446,-2.628
0.447,-2.629
0.447,-2.629
0.448,-2.630
0.448,-2.631
0.449,-2.632
0.449,-2.632
0.450,-2.633
0.450,-2.633
0.451,-2.634
0.451,-2.634
0.452,-2.634
0.452,-2.634
0.453,-2.634
0.453,-2.635
0.454,-2.635
0.454,-2.634
0.455,-2.634
0.455,-2.634
0.456,-2.634
0.456,-2.633
0.457,-2.633
0.457,-2.633
0.458,-2.632
0.458,-2.631
0.459,-2.631
0.459,-2.630
0.460,-2.629
0.460,-2.628
0.461,-2.627
0.461,-2.626
0.462,-2.625
0.462,-2.624
0.463,-2.623
0.463,-2.622
0.464,-2.620
0.464,-2.619
0.465,-2.617
0.465,-2.616
0.466,-2.614
0.466,-2.613
0.467,-2.611
0.467,-2.609
0.468,-2.607
0.468,-2.605
0.469,-2.603
0.469,-2.601
0.470,-2.599
0.470,-2.597
0.471,-2.595
0.471,-2.592
0.472,-2.590
0.472,-2.588
0.473,-2.585
0.473,-2.583
0.474,-2.580
0.474,-2.577
0.475,-2.575
0.475,-2.572
0.476,-2.569
0.476,-2.566
0.477,-2.563
0.477,-2.560
0.478,-2.557
0.478,-2.553
0.479,-2.550
0.479,-2.547
0.480,-2.543
0.480,-2.540
0.481,-2.536
0.481,-2.533
0.482,-2.529
0.482,-2.526
0.483,-2.522
0.483,-2.518
0.484,-2.514
0.484,-2.510
0.485,-2.506
0.485,-2.502
0.486,-2.498
0.486,-2.494
0.487,-2.489
0.487,-2.485
0.488,-2.481
0.488,-2.476
0.489,-2.472
0.489,-2.467
0.490,-2.463
0.490,-2.458
0.491,-2.453
0.491,-2.448
0.492,-2.444
0.492,-2.439
0.493,-2.434
0.493,-2.429
0.494,-2.424
0.494,-2.418
0.495,-2.413
0.495,-2.408
0.496,-2.403
0.496,-2.397
0.497,-2.392
0.497,-2.386
0.498,-2.381
0.498,-2.375
0.499,-2.369
0.499,-2.364
0.500,-2.358
0.500,-2.352
0.501,-2.346
0.501,-2.340
0.502,-2.334
0.502,-2.328
0.503,-2.322
0.503,-2.316
0.503,-2.310
0.504,-2.303
0.504,-2.297
0.505,-2.291
0.505,-2.284
0.506,-2.278
0.506,-2.271
0.507,-2.264
0.507,-2.258
0.508,-2.251
0.508,-2.244
0.509,-2.237
0.509,-2.231
0.510,-2.224
0.510,-2.217
0.511,-2.210
0.511,-2.203
0.512,-2.195
0.512,-2.188
0.513,-2.181
0.513,-2.174
0.514,-2.166
0.514,-2.159
0.515,-2.151
0.515,-2.144
0.516,-2.136
0.516,-2.129
0.517,-2.121
0.517,-2.113
0.518,-2.106
0.518,-2.098
0.519,-2.090
0.519,-2.082
0.520,-2.074
0.520,-2.066
0.521,-2.058
0.521,-2.050
0.522,-2.042
0.522,-2.034
0.523,-2.025
0.523,-2.017
0.524,-2.009
0.524,-2.000
0.525,-1.992
0.525,-1.984
0.526,-1.975
0.526,-1.966
0.527,-1.958
0.527,-1.949
0.528,-1.940
0.528,-1.932
0.529,-1.923
0.529,-1.914
0.530,-1.905
0.530,-1.896
0.531,-1.887
0.531,-1.878
0.532,-1.869
0.532,-1.860
0.533,-1.851
0.533,-1.842
0.534,-1.833
0.534,-1.823
0.535,-1.814
0.535,-1.805
0.536,-1.795
0.536,-1.786
0.537,-1.777
0.537,-1.767
0.538,-1.758
0.538,-1.748
0.539,-1.738
0.539,-1.729
0.540,-1.719
0.540,-1.709
0.541,-1.699
0.541,-1.690
0.542,-1.680
0.542,-1.670
0.543,-1.660
0.543,-1.650
0.544,-1.640
0.544,-1.630
0.545,-1.620
0.545,-1.610
0.546,-1.600
0.546,-1.590
0.547,-1.579
0.547,-1.569
0.548,-1.559
0.548,-1.548
0.549,-1.538
0.549,-1.528
0.550,-1.517
0.550,-1.507
0.551,-1.496
0.551,-1.486
0.552,-1.475
0.552,-1.465
0.553,-1.454
0.553,-1.443
0.554,-1.433
0.554,-1.422
0.555,-1.411
0.555,-1.401
0.556,-1.390
0.556,-1.379
0.557,-1.368
0.557,-1.357
0.558,-1.346
0.558,-1.335
0.559,-1.324
0.559,-1.313
0.560,-1.302
0.560,-1.291
0.561,-1.280
0.561,-1.269
0.562,-1.258
0.562,-1.247
0.563,-1.236
0.563,-1.224
0.564,-1.213
0.564,-1.202
0.565,-1.191
0.565,-1.179
0.566,-1.168
0.566,-1.157
0.567,-1.145
0.567,-1.134
0.568,-1.123
0.568,-1.111
0.569,-1.100
0.569,-1.088
0.570,-1.077
0.570,-1.065
0.571,-1.054
0.571,-1.042
0.572,-1.030
0.572,-1.019
0.573,-1.007
0.573,-0.995
0.574,-0.984
0.574,-0.972
0.575,-0.960
0.575,-0.949
0.576,-0.937
0.576,-0.925
0.577,-0.913
0.577,-0.901
0.578,-0.890
0.578,-0.878
0.579,-0.866
0.579,-0.854
0.580,-0.842
0.580,-0.830
0.581,-0.818
0.581,-0.807
0.582,-0.795
0.582,-0.783
0.583,-0.771
0.583,-0.759
0.584,-0.747
0.584,-0.735
0.585,-0.723
0.585,-0.711
0.586,-0.699
0.586,-0.686
0.587,-0.674
0.587,-0.662
0.588,-0.650
0.588,-0.638
0.589,-0.626
0.589,-0.614
0.590,-0.602
0.590,-0.590
0.591,-0.578
0.591,-0.565
0.592,-0.553
0.592,-0.541
0.593,-0.529
0.593,-0.517
0.594,-0.504
0.594,-0.492
0.595,-0.480
0.595,-0.468
0.596,-0.456
0.596,-0.443
0.597,-0.431
0.597,-0.419
0.598,-0.407
0.598,-0.394
0.599,-0.382
0.599,-0.370
0.600,-0.358
0.600,-0.345
0.601,-0.333
0.601,-0.321
0.602,-0.309
0.602,-0.296
0.603,-0.284
0.603,-0.272
0.604,-0.260
0.604,-0.247
0.605,-0.235
0.605,-0.223
0.606,-0.211
0.606,-0.198
0.607,-0.186
0.607,-0.174
0.608,-0.162
0.608,-0.149
0.609,-0.137
0.609,-0.125
0.610,-0.113
0.610,-0.100
0.611,-0.088
0.611,-0.076
0.612,-0.064
0.612,-0.051
0.613,-0.039
0.613,-0.027
0.614,-0.015
0.614,-0.002
0.615,0.010
0.615,0.022
0.616,0.034
0.616,0.046
0.617,0.058
0.617,0.071
0.618,0.083
0.618,0.095
0.619,0.107
0.619,0.119
0.620,0.131
0.620,0.143
0.621,0.156
0.621,0.168
0.622,0.180
0.622,0.192
0.623,0.204
0.623,0.216
0.624,0.228
0.624,0.240
0.625,0.252
0.625,0.264
0.626,0.276
0.626,0.288
0.627,0.300
0.627,0.312
0.628,0.324
0.628,0.336
0.629,0.348
0.629,0.360
0.630,0.371
0.630,0.383
0.631,0.395
0.631,0.407
0.632,0.419
0.632,0.431
0.633,0.442
0.633,0.454
0.634,0.466
0.634,0.478
0.635,0.489
0.635,0.501
0.636,0.513
0.636,0.524
0.637,0.536
0.637,0.548
0.638,0.559
0.638,0.571
0.639,0.582
0.639,0.594
0.640,0.605
0.640,0.617
0.641,0.628
0.641,0.640
0.642,0.651
0.642,0.663
0.643,0.674
0.643,0.685
0.644,0.697
0.644,0.708
0.645,0.719
0.645,0.731
0.646,0.742
0.646,0.753
0.647,0.764
0.647,0.775
0.648,0.787
0.648,0.798
0.649,0.809
0.649,0.820
0.650,0.831
0.650,0.842
0.651,0.853
0.651,0.864
0.652,0.875
0.652,0.886
0.653,0.897
0.653,0.907
0.654,0.918
0.654,0.929
0.655,0.940
0.655,0.950
0.656,0.961
0.656,0.972
0.657,0.983
0.657,0.993
0.658,1.004
0.658,1.014
0.659,1.025
0.659,1.035
0.660,1.046
0.660,1.056
0.661,1.067
0.661,1.077
0.662,1.087
0.662,1.098
0.663,1.108
0.663,1.118
0.664,1.128
0.664,1.138
0.665,1.149
0.665,1.159
0.666,1.169
0.666,1.179
0.667,1.189
0.667,1.199
0.668,1.209
0.668,1.219
0.669,1.228
0.669,1.238
0.670,1.248
0.670,1.258
0.671,1.267
0.671,1.277
0.672,1.287
0.672,1.296
0.673,1.306
0.673,1.315
0.674,1.325
0.674,1.334
0.675,1.344
0.675,1.353
0.676,1.362
0.676,1.372
0.677,1.381
0.677,1.390
0.678,1.399
0.678,1.408
0.679,1.418
0.679,1.427
0.680,1.436
0.680,1.445
0.681,1.453
0.681,1.462
0.682,1.471
0.682,1.480
0.683,1.489
0.683,1.497
0.684,1.506
0.684,1.515
0.685,1.523
0.685,1.532
0.686,1.540
0.686,1.549
0.687,1.557
0.687,1.566
0.688,1.574
0.688,1.582
0.689,1.591
0.689,1.599
0.690,1.607
0.690,1.615
0.691,1.623
0.691,1.631
0.692,1.639
0.692,1.647
0.693,1.655
0.693,1.663
0.694,1.671
0.694,1.678
0.695,1.686
0.695,1.694
0.696,1.701
0.696,1.709
0.697,1.716
0.697,1.724
0.698,1.731
0.698,1.739
0.699,1.746
0.699,1.753
0.700,1.760
0.700,1.768
0.701,1.775
0.701,1.782
0.702,1.789
0.702,1.796
0.703,1.803
0.703,1.810
0.704,1.816
0.704,1.823
0.705,1.830
0.705,1.837
0.706,1.843
0.706,1.850
0.707,1.856
0.707,1.863
0.708,1.869
0.708,1.876
0.709,1.882
0.709,1.888
0.710,1.895
0.710,1.901
0.711,1.907
0.711,1.913
0.712,1.919
0.712,1.925
0.713,1.931
0.713,1.937
0.714,1.943
0.714,1.948
0.715,1.954
0.715,1.960
0.716,1.965
0.716,1.971
0.717,1.976
0.717,1.982
0.718,1.987
0.718,1.993
0.719,1.998
0.719,2.003
0.720,2.008
0.720,2.014
0.721,2.019
0.721,2.024
0.722,2.029
0.722,2.034
0.723,2.038
0.723,2.043
0.724,2.048
0.724,2.053
0.725,2.057
0.725,2.062
0.726,2.067
0.726,2.071
0.727,2.075
0.727,2.080
0.728,2.084
0.728,2.088
0.729,2.093
0.729,2.097
0.730,2.101
0.730,2.105
0.731,2.109
0.731,2.113
0.732,2.117
0.732,2.121
0.733,2.124
0.733,2.128
0.734,2.132
0.734,2.135
0.735,2.139
0.735,2.142
0.736,2.146
0.736,2.149
0.737,2.153
0.737,2.156
0.738,2.159
0.738,2.162
0.739,2.165
0.739,2.168
0.740,2.171
0.740,2.174
0.741,2.177
0.741,2.180
0.742,2.183
0.742,2.186
0.743,2.188
0.743,2.191
0.744,2.193
0.744,2.196
0.745,2.198
0.745,2.201
0.746,2.203
0.746,2.205
0.747,2.207
0.747,2.210
0.748,2.212
0.748,2.214
0.749,2.216
0.749,2.218
0.750,2.219
0.750,2.221
0.751,2.223
0.751,2.225
0.752,2.226
0.752,2.228
0.753,2.229
0.753,2.231
0.754,2.232
0.754,2.234
0.755,2.235
0.755,2.236
0.756,2.237
0.756,2.238
0.757,2.239
0.757,2.240
0.758,2.241
0.758,2.242
0.759,2.243
0.759,2.244
0.760,2.245
0.760,2.245
0.761,2.246
0.761,2.246
0.762,2.247
0.762,2.247
0.763,2.248
0.763,2.248
0.764,2.248
0.764,2.248
0.765,2.249
0.765,2.249
0.766,2.249
0.766,2.249
0.767,2.249
0.767,2.248
0.768,2.248
0.768,2.248
0.769,2.248
0.769,2.247
0.770,2.247
0.770,2.246
0.771,2.246
0.771,2.245
0.772,2.245
0.772,2.244
0.773,2.243
0.773,2.242
0.774,2.242
0.774,2.241
0.775,2.240
0.775,2.239
0.776,2.237
0.776,2.236
0.777,2.235
0.777,2.234
0.778,2.233
0.778,2.231
0.779,2.230
0.779,2.228
0.780,2.227
0.780,2.225
0.781,2.223
0.781,2.222
0.782,2.220
0.782,2.218
0.783,2.216
0.783,2.214
0.784,2.212
0.784,2.210
0.785,2.208
0.785,2.206
0.786,2.204
0.786,2.202
0.787,2.199
0.787,2.197
0.788,2.195
0.788,2.192
0.789,2.190
0.789,2.187
0.790,2.184
0.790,2.182
0.791,2.179
0.791,2.176
0.792,2.173
0.792,2.170
0.793,2.167
0.793,2.164
0.794,2.161
0.794,2.158
0.795,2.155
0.795,2.152
0.796,2.148
0.796,2.145
0.797,2.142
0.797,2.138
0.798,2.135
0.798,2.131
0.799,2.128
0.799,2.124
0.800,2.120
0.800,2.117
0.801,2.113
0.801,2.109
0.802,2.105
0.802,2.101
0.803,2.097
0.803,2.093
0.804,2.089
0.804,2.085
0.805,2.081
0.805,2.076
0.806,2.072
0.806,2.068
0.807,2.063
0.807,2.059
0.808,2.054
0.808,2.050
0.809,2.045
0.809,2.040
0.810,2.036
0.810,2.031
0.811,2.026
0.811,2.021
0.812,2.016
0.812,2.011
0.813,2.006
0.813,2.001
0.814,1.996
0.814,1.991
0.815,1.986
0.815,1.981
0.816,1.975
0.816,1.970
0.817,1.965
0.817,1.959
0.818,1.954
0.818,1.948
0.819,1.943
0.819,1.937
0.820,1.932
0.820,1.926
0.821,1.920
0.821,1.914
0.822,1.908
0.822,1.903
0.823,1.897
0.823,1.891
0.824,1.885
0.824,1.879
0.825,1.872
0.825,1.866
0.826,1.860
0.826,1.854
0.827,1.848
0.827,1.841
0.828,1.835
0.828,1.828
0.829,1.822
0.829,1.815
0.830,1.809
0.830,1.802
0.831,1.796
0.831,1.789
0.832,1.782
0.832,1.776
0.833,1.769
0.833,1.762
0.834,1.755
0.834,1.748
0.835,1.741
0.835,1.734
0.836,1.727
0.836,1.720
0.837,1.713
0.837,1.706
0.838,1.699
0.838,1.691
0.839,1.684
0.839,1.677
0.840,1.669
0.840,1.662
0.841,1.655
0.841,1.647
0.842,1.640
0.842,1.632
0.843,1.624
0.843,1.617
0.844,1.609
0.844,1.601
0.845,1.594
0.845,1.586
0.846,1.578
0.846,1.570
0.847,1.562
0.847,1.555
0.848,1.547
0.848,1.539
0.849,1.531
0.849,1.523
0.850,1.514
0.850,1.506
0.851,1.498
0.851,1.490
0.852,1.482
0.852,1.474
0.853,1.465
0.853,1.457
0.854,1.449
0.854,1.440
0.855,1.432
0.855,1.423
0.856,1.415
0.856,1.406
0.857,1.398
0.857,1.389
0.858,1.381
0.858,1.372
0.859,1.363
0.859,1.355
0.860,1.346
0.860,1.337
0.861,1.328
0.861,1.320
0.862,1.311
0.862,1.302
0.863,1.293
0.863,1.284
0.864,1.275
0.864,1.266
0.865,1.257
0.865,1.248
0.866,1.239
0.866,1.230
0.867,1.221
0.867,1.212
0.868,1.202
0.868,1.193
0.869,1.184
0.869,1.175
0.870,1.165
0.870,1.156
0.871,1.147
0.871,1.137
0.872,1.128
0.872,1.119
0.873,1.109
0.873,1.100
0.874,1.090
0.874,1.081
0.875,1.071
0.875,1.062
0.876,1.052
0.876,1.043
0.877,1.033
0.877,1.024
0.878,1.014
0.878,1.004
0.879,0.995
0.879,0.985
0.880,0.975
0.880,0.965
0.881,0.956
0.881,0.946
0.882,0.936
0.882,0.926
0.883,0.916
0.883,0.907
0.884,0.897
0.884,0.887
0.885,0.877
0.885,0.867
0.886,0.857
0.886,0.847
0.887,0.837
0.887,0.827
0.888,0.817
0.888,0.807
0.889,0.797
0.889,0.787
0.890,0.777
0.890,0.767
0.891,0.757
0.891,0.747
0.892,0.736
0.892,0.726
0.893,0.716
0.893,0.706
0.894,0.696
0.894,0.686
0.895,0.675
0.895,0.665
0.896,0.655
0.896,0.645
0.897,0.635
0.897,0.624
0.898,0.614
0.898,0.604
0.899,0.593
0.899,0.583
0.900,0.573
0.900,0.563
0.901,0.552
0.901,0.542
0.902,0.532
0.902,0.521
0.903,0.511
0.903,0.500
0.904,0.490
0.904,0.480
0.905,0.469
0.905,0.459
0.906,0.449
0.906,0.438
0.907,0.428
0.907,0.417
0.908,0.407
0.908,0.396
0.909,0.386
0.909,0.376
0.910,0.365
0.910,0.355
0.911,0.344
0.911,0.334
0.912,0.323
0.912,0.313
0.913,0.302
0.913,0.292
0.914,0.281
0.914,0.271
0.915,0.260
0.915,0.250
0.916,0.240
0.916,0.229
0.917,0.219
0.917,0.208
0.918,0.198
0.918,0.187
0.919,0.177
0.919,0.166
0.920,0.156
0.920,0.145
0.921,0.135
0.921,0.124
0.922,0.114
0.922,0.103
0.923,0.093
0.923,0.083
0.924,0.072
0.924,0.062
0.925,0.051
0.925,0.041
0.926,0.030
0.926,0.020
0.927,0.009
0.927,-0.001
0.928,-0.011
0.928,-0.022
0.929,-0.032
0.929,-0.043
0.930,-0.053
0.930,-0.063
0.931,-0.074
0.931,-0.084
0.932,-0.095
0.932,-0.105
0.933,-0.115
0.933,-0.126
0.934,-0.136
0.934,-0.146
0.935,-0.157
0.935,-0.167
0.936,-0.177
0.936,-0.187
0.937,-0.198
0.937,-0.208
0.938,-0.218
0.938,-0.229
0.939,-0.239
0.939,-0.249
0.940,-0.259
0.940,-0.269
0.941,-0.280
0.941,-0.290
0.942,-0.300
0.942,-0.310
0.943,-0.320
0.943,-0.330
0.944,-0.340
0.944,-0.351
0.945,-0.361
0.945,-0.371
0.946,-0.381
0.946,-0.391
0.947,-0.401
0.947,-0.411
0.948,-0.421
0.948,-0.431
0.949,-0.441
0.949,-0.451
0.950,-0.461
0.950,-0.471
0.951,-0.481
0.951,-0.490
0.952,-0.500
0.952,-0.510
0.953,-0.520
0.953,-0.530
0.954,-0.540
0.954,-0.549
0.955,-0.559
0.955,-0.569
0.956,-0.579
0.956,-0.588
0.957,-0.598
0.957,-0.608
0.958,-0.617
0.958,-0.627
0.959,-0.636
0.959,-0.646
0.960,-0.656
0.960,-0.665
0.961,-0.675
0.961,-0.684
0.962,-0.694
0.962,-0.703
0.963,-0.712
0.963,-0.722
0.964,-0.731
0.964,-0.741
0.965,-0.750
0.965,-0.759
0.966,-0.768
0.966,-0.778
0.967,-0.787
0.967,-0.796
0.968,-0.805
0.968,-0.815
0.969,-0.824
0.969,-0.833
0.970,-0.842
0.970,-0.851
0.971,-0.860
0.971,-0.869
0.972,-0.878
0.972,-0.887
0.973,-0.896
0.973,-0.905
0.974,-0.914
0.974,-0.922
0.975,-0.931
0.975,-0.940
0.976,-0.949
0.976,-0.957
0.977,-0.966
0.977,-0.975
0.978,-0.984
0.978,-0.992
0.979,-1.001
0.979,-1.009
0.980,-1.018
0.980,-1.026
0.981,-1.035
0.981,-1.043
0.982,-1.052
0.982,-1.060
0.983,-1.068
0.983,-1.077
0.984,-1.085
0.984,-1.093
0.985,-1.101
0.985,-1.110
0.986,-1.118
0.986,-1.126
0.987,-1.134
0.987,-1.142
0.988,-1.150
0.988,-1.158
0.989,-1.166
0.989,-1.174
0.990,-1.182
0.990,-1.190
0.991,-1.197
0.991,-1.205
0.992,-1.213
0.992,-1.221
0.993,-1.228
0.993,-1.236
0.994,-1.244
0.994,-1.251
0.995,-1.259
0.995,-1.266
0.996,-1.274
0.996,-1.281
0.997,-1.289
0.997,-1.296
0.998,-1.303
0.998,-1.310
0.999,-1.318
0.999,-1.325
1.000,-1.332
1.000,-1.339
1.001,-1.346
1.001,-1.353
1.002,-1.360
1.002,-1.367
1.003,-1.374
1.003,-1.381
1.004,-1.388
1.004,-1.395
1.005,-1.402
1.005,-1.409
1.006,-1.415
1.006,-1.422
1.007,-1.429
1.007,-1.435
1.008,-1.442
1.008,-1.448
1.009,-1.455
1.009,-1.461
1.010,-1.468
1.010,-1.474
1.011,-1.480
1.011,-1.487
1.012,-1.493
1.012,-1.499
1.013,-1.505
1.013,-1.511
1.014,-1.517
1.014,-1.523
1.015,-1.529
1.015,-1.535
1.016,-1.541
1.016,-1.547
1.017,-1.553
1.017,-1.559
1.018,-1.564
1.018,-1.570
1.019,-1.576
1.019,-1.581
1.020,-1.587
1.020,-1.593
1.021,-1.598
1.021,-1.603
1.022,-1.609
1.022,-1.614
1.023,-1.620
1.023,-1.625
1.024,-1.630
1.024,-1.635
1.025,-1.640
1.025,-1.645
1.026,-1.650
1.026,-1.655
1.027,-1.660
1.027,-1.665
1.028,-1.670
1.028,-1.675
1.029,-1.680
1.029,-1.685
1.030,-1.689
1.030,-1.694
1.031,-1.698
1.031,-1.703
1.032,-1.708
1.032,-1.712
1.033,-1.716
1.033,-1.721
1.034,-1.725
1.034,-1.729
1.035,-1.734
1.035,-1.738
1.036,-1.742
1.036,-1.746
1.037,-1.750
1.037,-1.754
1.038,-1.758
1.038,-1.762
1.039,-1.766
1.039,-1.770
1.040,-1.773
1.040,-1.777
1.041,-1.781
1.041,-1.784
1.042,-1.788
1.042,-1.792
1.043,-1.795
1.043,-1.799
1.044,-1.802
1.044,-1.805
1.045,-1.809
1.045,-1.812
1.046,-1.815
1.046,-1.818
1.047,-1.821
1.047,-1.824
1.048,-1.827
1.048,-1.830
1.049,-1.833
1.049,-1.836
1.050,-1.839
1.050,-1.842
1.051,-1.845
1.051,-1.847
1.052,-1.850
1.052,-1.852
1.053,-1.855
1.053,-1.857
1.054,-1.860
1.054,-1.862
1.055,-1.865
1.055,-1.867
1.056,-1.869
1.056,-1.871
1.057,-1.873
1.057,-1.876
1.058,-1.878
1.058,-1.880
1.059,-1.882
1.059,-1.884
1.060,-1.885
1.060,-1.887
1.061,-1.889
1.061,-1.891
1.062,-1.892
1.062,-1.894
1.063,-1.896
1.063,-1.897
1.064,-1.899
1.064,-1.900
1.065,-1.901
1.065,-1.903
1.066,-1.904
1.066,-1.905
1.067,-1.906
1.067,-1.907
1.068,-1.909
1.068,-1.910
1.069,-1.911
1.069,-1.911
1.070,-1.912
1.070,-1.913
1.071,-1.914
1.071,-1.915
1.072,-1.915
1.072,-1.916
1.073,-1.917
1.073,-1.917
1.074,-1.918
1.074,-1.918
1.075,-1.919
1.075,-1.919
1.076,-1.919
1.076,-1.919
1.077,-1.920
1.077,-1.920
1.078,-1.920
1.078,-1.920
1.079,-1.920
1.079,-1.920
1.080,-1.920
1.080,-1.920
1.081,-1.919
1.081,-1.919
1.082,-1.919
1.082,-1.919
1.083,-1.918
1.083,-1.918
1.084,-1.917
1.084,-1.917
1.085,-1.916
1.085,-1.916
1.086,-1.915
1.086,-1.914
1.087,-1.913
1.087,-1.913
1.088,-1.912
1.088,-1.911
1.089,-1.910
1.089,-1.909
1.090,-1.908
1.090,-1.907
1.091,-1.906
1.091,-1.904
1.092,-1.903
1.092,-1.902
1.093,-1.901
1.093,-1.899
1.094,-1.898
1.094,-1.896
1.095,-1.895
1.095,-1.893
1.096,-1.892
1.096,-1.890
1.097,-1.888
1.097,-1.886
1.098,-1.885
1.098,-1.883
1.099,-1.881
1.099,-1.879
1.100,-1.877
1.100,-1.875
1.101,-1.873
1.101,-1.871
1.102,-1.869
1.102,-1.866
1.103,-1.864
1.103,-1.862
1.104,-1.859
1.104,-1.857
1.105,-1.854
1.105,-1.852
1.106,-1.849
1.106,-1.847
1.107,-1.844
1.107,-1.842
1.108,-1.839
1.108,-1.836
1.109,-1.833
1.109,-1.830
1.110,-1.827
1.110,-1.824
1.111,-1.821
1.111,-1.818
1.112,-1.815
1.112,-1.812
1.113,-1.809
1.113,-1.806
1.114,-1.803
1.114,-1.799
1.115,-1.796
1.115,-1.793
1.116,-1.789
1.116,-1.786
1.117,-1.782
1.117,-1.779
1.118,-1.775
1.118,-1.771
1.119,-1.768
1.119,-1.764
1.120,-1.760
1.120,-1.756
1.121,-1.752
1.121,-1.748
1.122,-1.744
1.122,-1.740
1.123,-1.736
1.123,-1.732
1.124,-1.728
1.124,-1.724
1.125,-1.720
1.125,-1.716
1.126,-1.711
1.126,-1.707
1.127,-1.703
1.127,-1.698
1.128,-1.694
1.128,-1.689
1.129,-1.685
1.129,-1.680
1.130,-1.676
1.130,-1.671
1.131,-1.666
1.131,-1.662
1.132,-1.657
1.132,-1.652
1.133,-1.647
1.133,-1.642
1.134,-1.637
1.134,-1.632
1.135,-1.627
1.135,-1.622
1.136,-1.617
1.136,-1.612
1.137,-1.607
1.137,-1.602
1.138,-1.597
1.138,-1.591
1.139,-1.586
1.139,-1.581
1.140,-1.575
1.140,-1.570
1.141,-1.564
1.141,-1.559
1.142,-1.553
1.142,-1.548
1.143,-1.542
1.143,-1.537
1.144,-1.531
1.144,-1.525
1.145,-1.519
1.145,-1.514
1.146,-1.508
1.146,-1.502
1.147,-1.496
1.147,-1.490
1.148,-1.484
1.148,-1.478
1.149,-1.472
1.149,-1.466
1.150,-1.460
1.150,-1.454
1.151,-1.448
1.151,-1.442
1.152,-1.435
1.152,-1.429
1.153,-1.423
1.153,-1.416
1.154,-1.410
1.154,-1.404
1.155,-1.397
1.155,-1.391
1.156,-1.384
1.156,-1.378
1.157,-1.371
1.157,-1.365
1.158,-1.358
1.158,-1.351
1.159,-1.345
1.159,-1.338
1.160,-1.331
1.160,-1.325
1.161,-1.318
1.161,-1.311
1.162,-1.304
1.162,-1.297
1.163,-1.290
1.163,-1.283
1.164,-1.276
1.164,-1.269
1.165,-1.262
1.165,-1.255
1.166,-1.248
1.166,-1.241
1.167,-1.234
1.167,-1.227
1.168,-1.220
1.168,-1.212
1.169,-1.205
1.169,-1.198
1.170,-1.191
1.170,-1.183
1.171,-1.176
1.171,-1.168
1.172,-1.161
1.172,-1.154
1.173,-1.146
1.173,-1.139
1.174,-1.131
1.174,-1.124
1.175,-1.116
1.175,-1.108
1.176,-1.101
1.176,-1.093
1.177,-1.086
1.177,-1.078
1.178,-1.070
1.178,-1.062
1.179,-1.055
1.179,-1.047
1.180,-1.039
1.180,-1.031
1.181,-1.024
1.181,-1.016
1.182,-1.008
1.182,-1.000
1.183,-0.992
1.183,-0.984
1.184,-0.976
1.184,-0.968
1.185,-0.960
1.185,-0.952
1.186,-0.944
1.186,-0.936
1.187,-0.928
1.187,-0.920
1.188,-0.912
1.188,-0.903
1.189,-0.895
1.189,-0.887
1.190,-0.879
1.190,-0.871
1.191,-0.862
1.191,-0.854
1.192,-0.846
1.192,-0.838
1.193,-0.829
1.193,-0.821
1.194,-0.813
1.194,-0.804
1.195,-0.796
1.195,-0.788
1.196,-0.779
1.196,-0.771
1.197,-0.762
1.197,-0.754
1.198,-0.745
1.198,-0.737
1.199,-0.728
1.199,-0.720
1.200,-0.711
1.200,-0.703
1.201,-0.694
1.201,-0.686
1.202,-0.677
1.202,-0.669
1.203,-0.660
1.203,-0.651
1.204,-0.643
1.204,-0.634
1.205,-0.626
1.205,-0.617
1.206,-0.608
1.206,-0.600
1.207,-0.591
1.207,-0.582
1.208,-0.573
1.208,-0.565
1.209,-0.556
1.209,-0.547
1.210,-0.539
1.210,-0.530
1.211,-0.521
1.211,-0.512
1.212,-0.503
1.212,-0.495
1.213,-0.486
1.213,-0.477
1.214,-0.468
1.214,-0.459
1.215,-0.451
1.215,-0.442
1.216,-0.433
1.216,-0.424
1.217,-0.415
1.217,-0.406
1.218,-0.397
1.218,-0.389
1.219,-0.380
1.219,-0.371
1.220,-0.362
1.220,-0.353
1.221,-0.344
1.221,-0.335
1.222,-0.326
1.222,-0.317
1.223,-0.308
1.223,-0.300
1.224,-0.291
1.224,-0.282
1.225,-0.273
1.225,-0.264
1.226,-0.255
1.226,-0.246
1.227,-0.237
1.227,-0.228
1.228,-0.219
1.228,-0.210
1.229,-0.201
1.229,-0.192
1.230,-0.183
1.230,-0.174
1.231,-0.166
1.231,-0.157
1.232,-0.148
1.232,-0.139
1.233,-0.130
1.233,-0.121
1.234,-0.112
1.234,-0.103
1.235,-0.094
1.235,-0.085
1.236,-0.076
1.236,-0.067
1.237,-0.058
1.237,-0.049
1.238,-0.041
1.238,-0.032
1.239,-0.023
1.239,-0.014
1.240,-0.005
1.240,0.004
1.241,0.013
1.241,0.022
1.242,0.031
1.242,0.039
1.243,0.048
1.243,0.057
1.244,0.066
1.244,0.075
1.245,0.084
1.245,0.093
1.246,0.101
1.246,0.110
1.247,0.119
1.247,0.128
1.248,0.137
1.248,0.145
1.249,0.154
1.249,0.163
1.250,0.172
1.250,0.181
1.251,0.189
1.251,0.198
1.252,0.207
1.252,0.216
1.253,0.224
1.253,0.233
1.254,0.242
1.254,0.250
1.255,0.259
1.255,0.268
1.256,0.276
1.256,0.285
1.257,0.294
1.257,0.302
1.258,0.311
1.258,0.319
1.259,0.328
1.259,0.337
1.260,0.345
1.260,0.354
1.261,0.362
1.261,0.371
1.262,0.379
1.262,0.388
1.263,0.396
1.263,0.405
1.264,0.413
1.264,0.421
1.265,0.430
1.265,0.438
1.266,0.447
1.266,0.455
1.267,0.463
1.267,0.472
1.268,0.480
1.268,0.488
1.269,0.497
1.269,0.505
1.270,0.513
1.270,0.521
1.271,0.530
1.271,0.538
1.272,0.546
1.272,0.554
1.273,0.562
1.273,0.570
1.274,0.579
1.274,0.587
1.275,0.595
1.275,0.603
1.276,0.611
1.276,0.619
1.277,0.627
1.277,0.635
1.278,0.643
1.278,0.651
1.279,0.659
1.279,0.666
1.280,0.674
1.280,0.682
1.281,0.690
1.281,0.698
1.282,0.706
1.282,0.713
1.283,0.721
1.283,0.729
1.284,0.737
1.284,0.744
1.285,0.752
1.285,0.759
1.286,0.767
1.286,0.775
1.287,0.782
1.287,0.790
1.288,0.797
1.288,0.805
1.289,0.812
1.289,0.820
1.290,0.827
1.290,0.834
1.291,0.842
1.291,0.849
1.292,0.857
1.292,0.864
1.293,0.871
1.293,0.878
1.294,0.886
1.294,0.893
1.295,0.900
1.295,0.907
1.296,0.914
1.296,0.921
1.297,0.928
1.297,0.935
1.298,0.942
1.298,0.949
1.299,0.956
1.299,0.963
1.300,0.970
1.300,0.977
1.301,0.984
1.301,0.991
1.302,0.997
1.302,1.004
1.303,1.011
1.303,1.018
1.304,1.024
1.304,1.031
1.305,1.037
1.305,1.044
1.306,1.051
1.306,1.057
1.307,1.064
1.307,1.070
1.308,1.076
1.308,1.083
1.309,1.089
1.309,1.096
1.310,1.102
1.310,1.108
1.311,1.114
1.311,1.121
1.312,1.127
1.312,1.133
1.313,1.139
1.313,1.145
1.314,1.151
1.314,1.157
1.315,1.163
1.315,1.169
1.316,1.175
1.316,1.181
1.317,1.187
1.317,1.193
1.318,1.198
1.318,1.204
1.319,1.210
1.319,1.216
1.320,1.221
1.320,1.227
1.321,1.232
1.321,1.238
1.322,1.243
1.322,1.249
1.323,1.254
1.323,1.260
1.324,1.265
1.324,1.271
1.325,1.276
1.325,1.281
1.326,1.286
1.326,1.292
1.327,1.297
1.327,1.302
1.328,1.307
1.328,1.312
1.329,1.317
1.329,1.322
1.330,1.327
1.330,1.332
1.331,1.337
1.331,1.342
1.332,1.347
1.332,1.351
1.333,1.356
1.333,1.361
1.334,1.365
1.334,1.370
1.335,1.375
1.335,1.379
1.336,1.384
1.336,1.388
1.337,1.393
1.337,1.397
1.338,1.401
1.338,1.406
1.339,1.410
1.339,1.414
1.340,1.419
1.340,1.423
1.341,1.427
1.341,1.431
1.342,1.435
1.342,1.439
1.343,1.443
1.343,1.447
1.344,1.451
1.344,1.455
1.345,1.459
1.345,1.462
1.346,1.466
1.346,1.470
1.347,1.474
1.347,1.477
1.348,1.481
1.348,1.484
1.349,1.488
1.349,1.491
1.350,1.495
1.350,1.498
1.351,1.502
1.351,1.505
1.352,1.508
1.352,1.512
1.353,1.515
1.353,1.518
1.354,1.521
1.354,1.524
1.355,1.527
1.355,1.530
1.356,1.533
1.356,1.536
1.357,1.539
1.357,1.542
1.358,1.545
1.358,1.547
1.359,1.550
1.359,1.553
1.360,1.555
1.360,1.558
1.361,1.561
1.361,1.563
1.362,1.566
1.362,1.568
1.363,1.570
1.363,1.573
1.364,1.575
1.364,1.577
1.365,1.580
1.365,1.582
1.366,1.584
1.366,1.586
1.367,1.588
1.367,1.590
1.368,1.592
1.368,1.594
1.369,1.596
1.369,1.598
1.370,1.600
1.370,1.601
1.371,1.603
1.371,1.605
1.372,1.607
1.372,1.608
1.373,1.610
1.373,1.611
1.374,1.613
1.374,1.614
1.375,1.616
1.375,1.617
1.376,1.618
1.376,1.620
1.377,1.621
1.377,1.622
1.378,1.623
1.378,1.624
1.379,1.625
1.379,1.626
1.380,1.627
1.380,1.628
1.381,1.629
1.381,1.630
1.382,1.631
1.382,1.632
1.383,1.633
1.383,1.633
1.384,1.634
1.384,1.635
1.385,1.635
1.385,1.636
1.386,1.636
1.386,1.637
1.387,1.637
1.387,1.637
1.388,1.638
1.388,1.638
1.389,1.638
1.389,1.638
1.390,1.639
1.390,1.639
1.391,1.639
1.391,1.639
1.392,1.639
1.392,1.639
1.393,1.639
1.393,1.639
1.394,1.638
1.394,1.638
1.395,1.638
1.395,1.638
1.396,1.637
1.396,1.637
1.397,1.637
1.397,1.636
1.398,1.636
1.398,1.635
1.399,1.634
1.399,1.634
1.400,1.633
1.400,1.632
1.401,1.632
1.401,1.631
1.402,1.630
1.402,1.629
1.403,1.628
1.403,1.627
1.404,1.626
1.404,1.625
1.405,1.624
1.405,1.623
1.406,1.622
1.406,1.621
1.407,1.620
1.407,1.618
1.408,1.617
1.408,1.616
1.409,1.614
1.409,1.613
1.410,1.611
1.410,1.610
1.411,1.608
1.411,1.607
1.412,1.605
1.412,1.603
1.413,1.602
1.413,1.600
1.414,1.598
1.414,1.596
1.415,1.594
1.415,1.593
1.416,1.591
1.416,1.589
1.417,1.587
1.417,1.585
1.418,1.582
1.418,1.580
1.419,1.578
1.419,1.576
1.420,1.574
1.420,1.571
1.421,1.569
1.421,1.567
1.422,1.564
1.422,1.562
1.423,1.559
1.423,1.557
1.424,1.554
1.424,1.552
1.425,1.549
1.425,1.546
1.426,1.543
1.426,1.541
1.427,1.538
1.427,1.535
1.428,1.532
1.428,1.529
1.429,1.526
1.429,1.523
1.430,1.520
1.430,1.517
1.431,1.514
1.431,1.511
1.432,1.508
1.432,1.505
1.433,1.502
1.433,1.498
1.434,1.495
1.434,1.492
1.435,1.488
1.435,1.485
1.436,1.481
1.436,1.478
1.437,1.474
1.437,1.471
1.438,1.467
1.438,1.464
1.439,1.460
1.439,1.456
1.440,1.452
1.440,1.449
1.441,1.445
1.441,1.441
1.442,1.437
1.442,1.433
1.443,1.429
1.443,1.425
1.444,1.421
1.444,1.417
1.445,1.413
1.445,1.409
1.446,1.405
1.446,1.401
1.447,1.397
1.447,1.392
1.448,1.388
1.448,1.384
1.449,1.379
1.449,1.375
1.450,1.371
1.450,1.366
1.451,1.362
1.451,1.357
1.452,1.353
1.452,1.348
1.453,1.343
1.453,1.339
1.454,1.334
1.454,1.329
1.455,1.325
1.455,1.320
1.456,1.315
1.456,1.310
1.457,1.305
1.457,1.301
1.458,1.296
1.458,1.291
1.459,1.286
1.459,1.281
1.460,1.276
1.460,1.271
1.461,1.266
1.461,1.260
1.462,1.255
1.462,1.250
1.463,1.245
1.463,1.240
1.464,1.234
1.464,1.229
1.465,1.224
1.465,1.218
1.466,1.213
1.466,1.208
1.467,1.202
1.467,1.197
1.468,1.191
1.468,1.186
1.469,1.180
1.469,1.175
1.470,1.169
1.470,1.163
1.471,1.158
1.471,1.152
1.472,1.146
1.472,1.141
1.473,1.135
1.473,1.129
1.474,1.123
1.474,1.117
1.475,1.112
1.475,1.106
1.476,1.100
1.476,1.094
1.477,1.088
1.477,1.082
1.478,1.076
1.478,1.070
1.479,1.064
1.479,1.058
1.480,1.052
1.480,1.046
1.481,1.039
1.481,1.033
1.482,1.027
1.482,1.021
1.483,1.015
1.483,1.008
1.484,1.002
1.484,0.996
1.485,0.989
1.485,0.983
1.486,0.977
1.486,0.970
1.487,0.964
1.487,0.957
1.488,0.951
1.488,0.944
1.489,0.938
1.489,0.931
1.490,0.925
1.490,0.918
1.491,0.912
1.491,0.905
1.492,0.899
1.492,0.892
1.493,0.885
1.493,0.879
1.494,0.872
1.494,0.865
1.495,0.858
1.495,0.852
1.496,0.845
1.496,0.838
1.497,0.831
1.497,0.824
1.498,0.818
1.498,0.811
1.499,0.804
1.499,0.797
1.500,0.790
1.500,0.783
1.501,0.776
1.501,0.769
1.502,0.762
1.502,0.755
1.503,0.748
1.503,0.741
1.504,0.734
1.504,0.727
1.505,0.720
1.505,0.713
1.506,0.706
1.506,0.699
1.507,0.692
1.507,0.685
1.508,0.677
1.508,0.670
1.509,0.663
1.509,0.656
1.510,0.649
1.510,0.642
1.511,0.634
1.511,0.627
1.512,0.620
1.512,0.613
1.513,0.605
1.513,0.598
1.514,0.591
1.514,0.583
1.515,0.576
1.515,0.569
1.516,0.561
1.516,0.554
1.517,0.547
1.517,0.539
1.518,0.532
1.518,0.524
1.519,0.517
1.519,0.510
1.520,0.502
1.520,0.495
1.521,0.487
1.521,0.480
1.522,0.472
1.522,0.465
1.523,0.458
1.523,0.450
1.524,0.443
1.524,0.435
1.525,0.428
1.525,0.420
1.526,0.413
1.526,0.405
1.527,0.397
1.527,0.390
1.528,0.382
1.528,0.375
1.529,0.367
1.529,0.360
1.530,0.352
1.530,0.345
1.531,0.337
1.531,0.329
1.532,0.322
1.532,0.314
1.533,0.307
1.533,0.299
1.534,0.292
1.534,0.284
1.535,0.276
1.535,0.269
1.536,0.261
1.536,0.253
1.537,0.246
1.537,0.238
1.538,0.231
1.538,0.223
1.539,0.215
1.539,0.208
1.540,0.200
1.540,0.192
1.541,0.185
1.541,0.177
1.542,0.170
1.542,0.162
1.543,0.154
1.543,0.147
1.544,0.139
1.544,0.131
1.545,0.124
1.545,0.116
1.546,0.109
1.546,0.101
1.547,0.093
1.547,0.086
1.548,0.078
1.548,0.070
1.549,0.063
1.549,0.055
1.550,0.048
1.550,0.040
1.551,0.032
1.551,0.025
1.552,0.017
1.552,0.009
1.553,0.002
1.553,-0.006
1.554,-0.013
1.554,-0.021
1.555,-0.028
1.555,-0.036
1.556,-0.044
1.556,-0.051
1.557,-0.059
1.557,-0.066
1.558,-0.074
1.558,-0.081
1.559,-0.089
1.559,-0.096
1.560,-0.104
1.560,-0.112
1.561,-0.119
1.561,-0.127
1.562,-0.134
1.562,-0.142
1.563,-0.149
1.563,-0.157
1.564,-0.164
1.564,-0.171
1.565,-0.179
1.565,-0.186
1.566,-0.194
1.566,-0.201
1.567,-0.209
1.567,-0.216
1.568,-0.223
1.568,-0.231
1.569,-0.238
1.569,-0.246
1.570,-0.253
1.570,-0.260
1.571,-0.268
1.571,-0.275
1.572,-0.282
1.572,-0.290
1.573,-0.297
1.573,-0.304
1.574,-0.311
1.574,-0.319
1.575,-0.326
1.575,-0.333
1.576,-0.340
1.576,-0.348
1.577,-0.355
1.577,-0.362
1.578,-0.369
1.578,-0.376
1.579,-0.384
1.579,-0.391
1.580,-0.398
1.580,-0.405
1.581,-0.412
1.581,-0.419
1.582,-0.426
1.582,-0.433
1.583,-0.440
1.583,-0.447
1.584,-0.454
1.584,-0.461
1.585,-0.468
1.585,-0.475
1.586,-0.482
1.586,-0.489
1.587,-0.496
1.587,-0.503
1.588,-0.510
1.588,-0.517
1.589,-0.524
1.589,-0.530
1.590,-0.537
1.590,-0.544
1.591,-0.551
1.591,-0.558
1.592,-0.564
1.592,-0.571
1.593,-0.578
1.593,-0.585
1.594,-0.591
1.594,-0.598
1.595,-0.605
1.595,-0.611
1.596,-0.618
1.596,-0.624
1.597,-0.631
1.597,-0.638
1.598,-0.644
1.598,-0.651
1.599,-0.657
1.599,-0.664
1.600,-0.670
1.600,-0.676
1.601,-0.683
1.601,-0.689
1.602,-0.696
1.602,-0.702
1.603,-0.708
1.603,-0.715
1.604,-0.721
1.604,-0.727
1.605,-0.733
1.605,-0.740
1.606,-0.746
1.606,-0.752
1.607,-0.758
1.607,-0.764
1.608,-0.770
1.608,-0.776
1.609,-0.782
1.609,-0.789
1.610,-0.795
1.610,-0.801
1.611,-0.807
1.611,-0.812
1.612,-0.818
1.612,-0.824
1.613,-0.830
1.613,-0.836
1.614,-0.842
1.614,-0.848
1.615,-0.853
1.615,-0.859
1.616,-0.865
1.616,-0.871
1.617,-0.876
1.617,-0.882
1.618,-0.888
1.618,-0.893
1.619,-0.899
1.619,-0.904
1.620,-0.910
1.620,-0.915
1.621,-0.921
1.621,-0.926
1.622,-0.932
1.622,-0.937
1.623,-0.943
1.623,-0.948
1.624,-0.953
1.624,-0.958
1.625,-0.964
1.625,-0.969
1.626,-0.974
1.626,-0.979
1.627,-0.985
1.627,-0.990
1.628,-0.995
1.628,-1.000
1.629,-1.005
1.629,-1.010
1.630,-1.015
1.630,-1.020
1.631,-1.025
1.631,-1.030
1.632,-1.035
1.632,-1.039
1.633,-1.044
1.633,-1.049
1.634,-1.054
1.634,-1.059
1.635,-1.063
1.635,-1.068
1.636,-1.073
1.636,-1.077
1.637,-1.082
1.637,-1.086
1.638,-1.091
1.638,-1.095
1.639,-1.100
1.639,-1.104
1.640,-1.109
1.640,-1.113
1.641,-1.117
1.641,-1.122
1.642,-1.126
1.642,-1.130
1.643,-1.134
1.643,-1.139
1.644,-1.143
1.644,-1.147
1.645,-1.151
1.645,-1.155
1.646,-1.159
1.646,-1.163
1.647,-1.167
1.647,-1.171
1.648,-1.175
1.648,-1.179
1.649,-1.183
1.649,-1.187
1.650,-1.190
1.650,-1.194
1.651,-1.198
1.651,-1.202
1.652,-1.205
1.652,-1.209
1.653,-1.212
1.653,-1.216
1.654,-1.219
1.654,-1.223
1.655,-1.226
1.655,-1.230
1.656,-1.233
1.656,-1.237
1.657,-1.240
1.657,-1.243
1.658,-1.247
1.658,-1.250
1.659,-1.253
1.659,-1.256
1.660,-1.259
1.660,-1.262
1.661,-1.265
1.661,-1.268
1.662,-1.271
1.662,-1.274
1.663,-1.277
1.663,-1.280
1.664,-1.283
1.664,-1.286
1.665,-1.289
1.665,-1.291
1.666,-1.294
1.666,-1.297
1.667,-1.300
1.667,-1.302
1.668,-1.305
1.668,-1.307
1.669,-1.310
1.669,-1.312
1.670,-1.315
1.670,-1.317
1.671,-1.320
1.671,-1.322
1.672,-1.324
1.672,-1.327
1.673,-1.329
1.673,-1.331
1.674,-1.333
1.674,-1.335
1.675,-1.337
1.675,-1.339
1.676,-1.342
1.676,-1.344
1.677,-1.345
1.677,-1.347
1.678,-1.349
1.678,-1.351
1.679,-1.353
1.679,-1.355
1.680,-1.357
1.680,-1.358
1.681,-1.360
1.681,-1.362
1.682,-1.363
1.682,-1.365
1.683,-1.366
1.683,-1.368
1.684,-1.369
1.684,-1.371
1.685,-1.372
1.685,-1.374
1.686,-1.375
1.686,-1.376
1.687,-1.377
1.687,-1.379
1.688,-1.380
1.688,-1.381
1.689,-1.382
1.689,-1.383
1.690,-1.384
1.690,-1.385
1.691,-1.386
1.691,-1.387
1.692,-1.388
1.692,-1.389
1.693,-1.390
1.693,-1.391
1.694,-1.391
1.694,-1.392
1.695,-1.393
1.695,-1.393
1.696,-1.394
1.696,-1.395
1.697,-1.395
1.697,-1.396
1.698,-1.396
1.698,-1.397
1.699,-1.397
1.699,-1.397
1.700,-1.398
1.700,-1.398
1.701,-1.398
1.701,-1.399
1.702,-1.399
1.702,-1.399
1.703,-1.399
1.703,-1.399
1.704,-1.399
1.704,-1.399
1.705,-1.399
1.705,-1.399
1.706,-1.399
1.706,-1.399
1.707,-1.399
1.707,-1.399
1.708,-1.398
1.708,-1.398
1.709,-1.398
1.709,-1.397
1.710,-1.397
1.710,-1.397
1.711,-1.396
1.711,-1.396
1.712,-1.395
1.712,-1.395
1.713,-1.394
1.713,-1.394
1.714,-1.393
1.714,-1.392
1.715,-1.391
1.715,-1.391
1.716,-1.390
1.716,-1.389
1.717,-1.388
1.717,-1.387
1.718,-1.386
1.718,-1.385
1.719,-1.384
1.719,-1.383
1.720,-1.382
1.720,-1.381
1.721,-1.380
1.721,-1.379
1.722,-1.378
1.722,-1.377
1.723,-1.375
1.723,-1.374
1.724,-1.373
1.724,-1.371
1.725,-1.370
1.725,-1.368
1.726,-1.367
1.726,-1.365
1.727,-1.364
1.727,-1.362
1.728,-1.361
1.728,-1.359
1.729,-1.357
1.729,-1.356
1.730,-1.354
1.730,-1.352
1.731,-1.350
1.731,-1.348
1.732,-1.347
1.732,-1.345
1.733,-1.343
1.733,-1.341
1.734,-1.339
1.734,-1.337
1.735,-1.335
1.735,-1.333
1.736,-1.330
1.736,-1.328
1.737,-1.326
1.737,-1.324
1.738,-1.322
1.738,-1.319
1.739,-1.317
1.739,-1.315
1.740,-1.312
1.740,-1.310
1.741,-1.307
1.741,-1.305
1.742,-1.302
1.742,-1.300
1.743,-1.297
1.743,-1.294
1.744,-1.292
1.744,-1.289
1.745,-1.286
1.745,-1.284
1.746,-1.281
1.746,-1.278
1.747,-1.275
1.747,-1.272
1.748,-1.269
1.748,-1.267
1.749,-1.264
1.749,-1.261
1.750,-1.258
1.750,-1.255
1.751,-1.251
1.751,-1.248
1.752,-1.245
1.752,-1.242
1.753,-1.239
1.753,-1.236
1.754,-1.232
1.754,-1.229
1.755,-1.226
1.755,-1.222
1.756,-1.219
1.756,-1.216
1.757,-1.212
1.757,-1.209
1.758,-1.205
1.758,-1.202
1.759,-1.198
1.759,-1.195
1.760,-1.191
1.760,-1.187
1.761,-1.184
1.761,-1.180
1.762,-1.176
1.762,-1.172
1.763,-1.169
1.763,-1.165
1.764,-1.161
1.764,-1.157
1.765,-1.153
1.765,-1.149
1.766,-1.145
1.766,-1.141
1.767,-1.137
1.767,-1.133
1.768,-1.129
1.768,-1.125
1.769,-1.121
1.769,-1.117
1.770,-1.113
1.770,-1.109
1.771,-1.105
1.771,-1.100
1.772,-1.096
1.772,-1.092
1.773,-1.088
1.773,-1.083
1.774,-1.079
1.774,-1.074
1.775,-1.070
1.775,-1.066
1.776,-1.061
1.776,-1.057
1.777,-1.052
1.777,-1.048
1.778,-1.043
1.778,-1.039
1.779,-1.034
1.779,-1.029
1.780,-1.025
1.780,-1.020
1.781,-1.015
1.781,-1.011
1.782,-1.006
1.782,-1.001
1.783,-0.996
1.783,-0.991
1.784,-0.987
1.784,-0.982
1.785,-0.977
1.785,-0.972
1.786,-0.967
1.786,-0.962
1.787,-0.957
1.787,-0.952
1.788,-0.947
1.788,-0.942
1.789,-0.937
1.789,-0.932
1.790,-0.927
1.790,-0.922
1.791,-0.917
1.791,-0.911
1.792,-0.906
1.792,-0.901
1.793,-0.896
1.793,-0.891
1.794,-0.885
1.794,-0.880
1.795,-0.875
1.795,-0.870
1.796,-0.864
1.796,-0.859
1.797,-0.853
1.797,-0.848
1.798,-0.843
1.798,-0.837
1.799,-0.832
1.799,-0.826
1.800,-0.821
1.800,-0.815
1.801,-0.810
1.801,-0.804
1.802,-0.799
1.802,-0.793
1.803,-0.788
1.803,-0.782
1.804,-0.776
1.804,-0.771
1.805,-0.765
1.805,-0.759
1.806,-0.754
1.806,-0.748
1.807,-0.742
1.807,-0.736
1.808,-0.731
1.808,-0.725
1.809,-0.719
1.809,-0.713
1.810,-0.708
1.810,-0.702
1.811,-0.696
1.811,-0.690
1.812,-0.684
1.812,-0.678
1.813,-0.672
1.813,-0.666
1.814,-0.661
1.814,-0.655
1.815,-0.649
1.815,-0.643
1.816,-0.637
1.816,-0.631
1.817,-0.625
1.817,-0.619
1.818,-0.613
1.818,-0.607
1.819,-0.600
1.819,-0.594
1.820,-0.588
1.820,-0.582
1.821,-0.576
1.821,-0.570
1.822,-0.564
1.822,-0.558
1.823,-0.552
1.823,-0.545
1.824,-0.539
1.824,-0.533
1.825,-0.527
1.825,-0.521
1.826,-0.514
1.826,-0.508
1.827,-0.502
1.827,-0.496
1.828,-0.490
1.828,-0.483
1.829,-0.477
1.829,-0.471
1.830,-0.464
1.830,-0.458
1.831,-0.452
1.831,-0.445
1.832,-0.439
1.832,-0.433
1.833,-0.427
1.833,-0.420
1.834,-0.414
1.834,-0.407
1.835,-0.401
1.835,-0.395
1.836,-0.388
1.836,-0.382
1.837,-0.376
1.837,-0.369
1.838,-0.363
1.838,-0.356
1.839,-0.350
1.839,-0.343
1.840,-0.337
1.840,-0.331
1.841,-0.324
1.841,-0.318
1.842,-0.311
1.842,-0.305
1.843,-0.298
1.843,-0.292
1.844,-0.285
1.844,-0.279
1.845,-0.273
1.845,-0.266
1.846,-0.260
1.846,-0.253
1.847,-0.247
1.847,-0.240
1.848,-0.234
1.848,-0.227
1.849,-0.221
1.849,-0.214
1.850,-0.208
1.850,-0.201
1.851,-0.195
1.851,-0.188
1.852,-0.182
1.852,-0.175
1.853,-0.169
1.853,-0.162
1.854,-0.156
1.854,-0.149
1.855,-0.142
1.855,-0.136
1.856,-0.129
1.856,-0.123
1.857,-0.116
1.857,-0.110
1.858,-0.103
1.858,-0.097
1.859,-0.090
1.859,-0.084
1.860,-0.077
1.860,-0.071
1.861,-0.064
1.861,-0.058
1.862,-0.051
1.862,-0.045
1.863,-0.038
1.863,-0.032
1.864,-0.025
1.864,-0.019
1.865,-0.012
1.865,-0.006
1.866,0.001
1.866,0.007
1.867,0.014
1.867,0.020
1.868,0.027
1.868,0.033
1.869,0.039
1.869,0.046
1.870,0.052
1.870,0.059
1.871,0.065
1.871,0.072
1.872,0.078
1.872,0.085
1.873,0.091
1.873,0.097
1.874,0.104
1.874,0.110
1.875,0.117
1.875,0.123
1.876,0.129
1.876,0.136
1.877,0.142
1.877,0.148
1.878,0.155
1.878,0.161
1.879,0.168
1.879,0.174
1.880,0.180
1.880,0.187
1.881,0.193
1.881,0.199
1.882,0.205
1.882,0.212
1.883,0.218
1.883,0.224
1.884,0.231
1.884,0.237
1.885,0.243
1.885,0.249
1.886,0.256
1.886,0.262
1.887,0.268
1.887,0.274
1.888,0.280
1.888,0.287
1.889,0.293
1.889,0.299
1.890,0.305
1.890,0.311
1.891,0.317
1.891,0.323
1.892,0.329
1.892,0.336
1.893,0.342
1.893,0.348
1.894,0.354
1.894,0.360
1.895,0.366
1.895,0.372
1.896,0.378
1.896,0.384
1.897,0.390
1.897,0.396
1.898,0.402
1.898,0.408
1.899,0.414
1.899,0.420
1.900,0.425
1.900,0.431
1.901,0.437
1.901,0.443
1.902,0.449
1.902,0.455
1.903,0.461
1.903,0.466
1.904,0.472
1.904,0.478
1.905,0.484
1.905,0.489
1.906,0.495
1.906,0.501
1.907,0.507
1.907,0.512
1.908,0.518
1.908,0.524
1.909,0.529
1.909,0.535
1.910,0.540
1.910,0.546
1.911,0.552
1.911,0.557
1.912,0.563
1.912,0.568
1.913,0.574
1.913,0.579
1.914,0.585
1.914,0.590
1.915,0.595
1.915,0.601
1.916,0.606
1.916,0.612
1.917,0.617
1.917,0.622
1.918,0.628
1.918,0.633
1.919,0.638
1.919,0.644
1.920,0.649
1.920,0.654
1.921,0.659
1.921,0.664
1.922,0.670
1.922,0.675
1.923,0.680
1.923,0.685
1.924,0.690
1.924,0.695
1.925,0.700
1.925,0.705
1.926,0.710
1.926,0.715
1.927,0.720
1.927,0.725
1.928,0.730
1.928,0.735
1.929,0.740
1.929,0.745
1.930,0.750
1.930,0.754
1.931,0.759
1.931,0.764
1.932,0.769
1.932,0.773
1.933,0.778
1.933,0.783
1.934,0.788
1.934,0.792
1.935,0.797
1.935,0.801
1.936,0.806
1.936,0.811
1.937,0.815
1.937,0.820
1.938,0.824
1.938,0.829
1.939,0.833
1.939,0.837
1.940,0.842
1.940,0.846
1.941,0.851
1.941,0.855
1.942,0.859
1.942,0.863
1.943,0.868
1.943,0.872
1.944,0.876
1.944,0.880
1.945,0.884
1.945,0.889
1.946,0.893
1.946,0.897
1.947,0.901
1.947,0.905
1.948,0.909
1.948,0.913
1.949,0.917
1.949,0.921
1.950,0.925
1.950,0.928
1.951,0.932
1.951,0.936
1.952,0.940
1.952,0.944
1.953,0.948
1.953,0.951
1.954,0.955
1.954,0.959
1.955,0.962
1.955,0.966
1.956,0.970
1.956,0.973
1.957,0.977
1.957,0.980
1.958,0.984
1.958,0.987
1.959,0.991
1.959,0.994
1.960,0.997
1.960,1.001
1.961,1.004
1.961,1.007
1.962,1.011
1.962,1.014
1.963,1.017
1.963,1.020
1.964,1.023
1.964,1.027
1.965,1.030
1.965,1.033
1.966,1.036
1.966,1.039
1.967,1.042
1.967,1.045
1.968,1.048
1.968,1.051
1.969,1.054
1.969,1.056
1.970,1.059
1.970,1.062
1.971,1.065
1.971,1.068
1.972,1.070
1.972,1.073
1.973,1.076
1.973,1.078
1.974,1.081
1.974,1.084
1.975,1.086
1.975,1.089
1.976,1.091
1.976,1.094
1.977,1.096
1.977,1.098
1.978,1.101
1.978,1.103
1.979,1.105
1.979,1.108
1.980,1.110
1.980,1.112
1.981,1.114
1.981,1.117
1.982,1.119
1.982,1.121
1.983,1.123
1.983,1.125
1.984,1.127
1.984,1.129
1.985,1.131
1.985,1.133
1.986,1.135
1.986,1.137
1.987,1.139
1.987,1.140
1.988,1.142
1.988,1.144
1.989,1.146
1.989,1.147
1.990,1.149
1.990,1.151
1.991,1.152
1.991,1.154
1.992,1.155
1.992,1.157
1.993,1.158
1.993,1.160
1.994,1.161
1.994,1.163
1.995,1.164
1.995,1.165
1.996,1.167
1.996,1.168
1.997,1.169
1.997,1.170
1.998,1.172
1.998,1.173
1.999,1.174
1.999,1.175
2.000,1.176
2.000,1.177
2.001,1.178
2.001,1.179
2.002,1.180
2.002,1.181
2.003,1.182
2.003,1.183
2.004,1.184
2.004,1.184
2.005,1.185
2.005,1.186
2.006,1.187
2.006,1.187
2.007,1.188
2.007,1.188
2.008,1.189
2.008,1.190
2.009,1.190
2.009,1.191
2.010,1.191
2.010,1.192
2.011,1.192
2.011,1.192
2.012,1.193
2.012,1.193
2.013,1.193
2.013,1.193
2.014,1.194
2.014,1.194
2.015,1.194
2.015,1.194
2.016,1.194
2.016,1.194
2.017,1.194
2.017,1.194
2.018,1.194
2.018,1.194
2.019,1.194
2.019,1.194
2.020,1.194
2.020,1.194
2.021,1.194
2.021,1.193
2.022,1.193
2.022,1.193
2.023,1.192
2.023,1.192
2.024,1.192
2.024,1.191
2.025,1.191
2.025,1.190
2.026,1.190
2.026,1.189
2.027,1.189
2.027,1.188
2.028,1.188
2.028,1.187
2.029,1.186
2.029,1.186
2.030,1.185
2.030,1.184
2.031,1.183
2.031,1.182
2.032,1.182
2.032,1.181
2.033,1.180
2.033,1.179
2.034,1.178
2.034,1.177
2.035,1.176
2.035,1.175
2.036,1.174
2.036,1.173
2.037,1.171
2.037,1.170
2.038,1.169
2.038,1.168
2.039,1.166
2.039,1.165
2.040,1.164
2.040,1.162
2.041,1.161
2.041,1.160
2.042,1.158
2.042,1.157
2.043,1.155
2.043,1.154
2.044,1.152
2.044,1.151
2.045,1.149
2.045,1.147
2.046,1.146
2.046,1.144
2.047,1.142
2.047,1.141
2.048,1.139
2.048,1.137
2.049,1.135
2.049,1.133
2.050,1.131
2.050,1.129
2.051,1.128
2.051,1.126
2.052,1.124
2.052,1.122
2.053,1.119
2.053,1.117
2.054,1.115
2.054,1.113
2.055,1.111
2.055,1.109
2.056,1.107
2.056,1.104
2.057,1.102
2.057,1.100
2.058,1.097
2.058,1.095
2.059,1.093
2.059,1.090
2.060,1.088
2.060,1.085
2.061,1.083
2.061,1.080
2.062,1.078
2.062,1.075
2.063,1.073
2.063,1.070
2.064,1.068
2.064,1.065
2.065,1.062
2.065,1.059
2.066,1.057
2.066,1.054
2.067,1.051
2.067,1.048
2.068,1.045
2.068,1.043
2.069,1.040
2.069,1.037
2.070,1.034
2.070,1.031
2.071,1.028
2.071,1.025
2.072,1.022
2.072,1.019
2.073,1.016
2.073,1.013
2.074,1.009
2.074,1.006
2.075,1.003
2.075,1.000
2.076,0.997
2.076,0.993
2.077,0.990
2.077,0.987
2.078,0.984
2.078,0.980
2.079,0.977
2.079,0.973
2.080,0.970
2.080,0.967
2.081,0.963
2.081,0.960
2.082,0.956
2.082,0.953
2.083,0.949
2.083,0.946
2.084,0.942
2.084,0.938
2.085,0.935
2.085,0.931
2.086,0.927
2.086,0.924
2.087,0.920
2.087,0.916
2.088,0.912
2.088,0.909
2.089,0.905
2.089,0.901
2.090,0.897
2.090,0.893
2.091,0.889
2.091,0.885
2.092,0.881
2.092,0.878
2.093,0.874
2.093,0.870
2.094,0.866
2.094,0.862
2.095,0.857
2.095,0.853
2.096,0.849
2.096,0.845
2.097,0.841
2.097,0.837
2.098,0.833
2.098,0.829
2.099,0.824
2.099,0.820
2.100,0.816
2.100,0.812
2.101,0.807
2.101,0.803
2.102,0.799
2.102,0.794
2.103,0.790
2.103,0.786
2.104,0.781
2.104,0.777
2.105,0.772
2.105,0.768
2.106,0.763
2.106,0.759
2.107,0.755
2.107,0.750
2.108,0.745
2.108,0.741
2.109,0.736
2.109,0.732
2.110,0.727
2.110,0.723
2.111,0.718
2.111,0.713
2.112,0.709
2.112,0.704
2.113,0.699
2.113,0.695
2.114,0.690
2.114,0.685
2.115,0.680
2.115,0.676
2.116,0.671
2.116,0.666
2.117,0.661
2.117,0.656
2.118,0.652
2.118,0.647
2.119,0.642
2.119,0.637
2.120,0.632
2.120,0.627
2.121,0.622
2.121,0.617
2.122,0.612
2.122,0.608
2.123,0.603
2.123,0.598
2.124,0.593
2.124,0.588
2.125,0.583
2.125,0.578
2.126,0.572
2.126,0.567
2.127,0.562
2.127,0.557
2.128,0.552
2.128,0.547
2.129,0.542
2.129,0.537
2.130,0.532
2.130,0.527
2.131,0.521
2.131,0.516
2.132,0.511
2.132,0.506
2.133,0.501
2.133,0.496
2.134,0.490
2.134,0.485
2.135,0.480
2.135,0.475
2.136,0.469
2.136,0.464
2.137,0.459
2.137,0.454
2.138,0.448
2.138,0.443
2.139,0.438
2.139,0.432
2.140,0.427
2.140,0.422
2.141,0.416
2.141,0.411
2.142,0.406
2.142,0.400
2.143,0.395
2.143,0.389
2.144,0.384
2.144,0.379
2.145,0.373
2.145,0.368
2.146,0.362
2.146,0.357
2.147,0.352
2.147,0.346
2.148,0.341
2.148,0.335
2.149,0.330
2.149,0.324
2.150,0.319
2.150,0.313
2.151,0.308
2.151,0.303
2.152,0.297
2.152,0.292
2.153,0.286
2.153,0.281
2.154,0.275
2.154,0.270
2.155,0.264
2.155,0.259
2.156,0.253
2.156,0.248
2.157,0.242
2.157,0.236
2.158,0.231
2.158,0.225
2.159,0.220
2.159,0.214
2.160,0.209
2.160,0.203
2.161,0.198
2.161,0.192
2.162,0.187
2.162,0.181
2.163,0.176
2.163,0.170
2.164,0.164
2.164,0.159
2.165,0.153
2.165,0.148
2.166,0.142
2.166,0.137
2.167,0.131
2.167,0.125
2.168,0.120
2.168,0.114
2.169,0.109
2.169,0.103
2.170,0.098
2.170,0.092
2.171,0.087
2.171,0.081
2.172,0.075
2.172,0.070
2.173,0.064
2.173,0.059
2.174,0.053
2.174,0.048
2.175,0.042
2.175,0.037
2.176,0.031
2.176,0.025
2.177,0.020
2.177,0.014
2.178,0.009
2.178,0.003
2.179,-0.002
2.179,-0.008
2.180,-0.013
2.180,-0.019
2.181,-0.024
2.181,-0.030
2.182,-0.035
2.182,-0.041
2.183,-0.046
2.183,-0.052
2.184,-0.057
2.184,-0.063
2.185,-0.068
2.185,-0.074
2.186,-0.079
2.186,-0.085
2.187,-0.090
2.187,-0.096
2.188,-0.101
2.188,-0.107
2.189,-0.112
2.189,-0.118
2.190,-0.123
2.190,-0.128
2.191,-0.134
2.191,-0.139
2.192,-0.145
2.192,-0.150
2.193,-0.156
2.193,-0.161
2.194,-0.166
2.194,-0.172
2.195,-0.177
2.195,-0.182
2.196,-0.188
2.196,-0.193
2.197,-0.199
2.197,-0.204
2.198,-0.209
2.198,-0.215
2.199,-0.220
2.199,-0.225
2.200,-0.230
2.200,-0.236
2.201,-0.241
2.201,-0.246
2.202,-0.252
2.202,-0.257
2.203,-0.262
2.203,-0.267
2.204,-0.273
2.204,-0.278
2.205,-0.283
2.205,-0.288
2.206,-0.293
2.206,-0.299
2.207,-0.304
2.207,-0.309
2.208,-0.314
2.208,-0.319
2.209,-0.324
2.209,-0.329
2.210,-0.334
2.210,-0.340
2.211,-0.345
2.211,-0.350
2.212,-0.355
2.212,-0.360
2.213,-0.365
2.213,-0.370
2.214,-0.375
2.214,-0.380
2.215,-0.385
2.215,-0.390
2.216,-0.395
2.216,-0.400
2.217,-0.405
2.217,-0.410
2.218,-0.415
2.218,-0.419
2.219,-0.424
2.219,-0.429
2.220,-0.434
2.220,-0.439
2.221,-0.444
2.221,-0.449
2.222,-0.453
2.222,-0.458
2.223,-0.463
2.223,-0.468
2.224,-0.472
2.224,-0.477
2.225,-0.482
2.225,-0.487
2.226,-0.491
2.226,-0.496
2.227,-0.501
2.227,-0.505
2.228,-0.510
2.228,-0.515
2.229,-0.519
2.229,-0.524
2.230,-0.528
2.230,-0.533
2.231,-0.537
2.231,-0.542
2.232,-0.546
2.232,-0.551
2.233,-0.555
2.233,-0.560
2.234,-0.564
2.234,-0.569
2.235,-0.573
2.235,-0.578
2.236,-0.582
2.236,-0.586
2.237,-0.591
2.237,-0.595
2.238,-0.599
2.238,-0.604
2.239,-0.608
2.239,-0.612
2.240,-0.616
2.240,-0.620
2.241,-0.625
2.241,-0.629
2.242,-0.633
2.242,-0.637
2.243,-0.641
2.243,-0.645
2.244,-0.650
2.244,-0.654
2.245,-0.658
2.245,-0.662
2.246,-0.666
2.246,-0.670
2.247,-0.674
2.247,-0.678
2.248,-0.682
2.248,-0.686
2.249,-0.689
2.249,-0.693
2.250,-0.697
2.250,-0.701
2.251,-0.705
2.251,-0.709
2.252,-0.712
2.252,-0.716
2.253,-0.720
2.253,-0.724
2.254,-0.727
2.254,-0.731
2.255,-0.735
2.255,-0.738
2.256,-0.742
2.256,-0.746
2.257,-0.749
2.257,-0.753
2.258,-0.756
2.258,-0.760
2.259,-0.763
2.259,-0.767
2.260,-0.770
2.260,-0.774
2.261,-0.777
2.261,-0.780
2.262,-0.784
2.262,-0.787
2.263,-0.791
2.263,-0.794
2.264,-0.797
2.264,-0.800
2.265,-0.804
2.265,-0.807
2.266,-0.810
2.266,-0.813
2.267,-0.816
2.267,-0.819
2.268,-0.823
2.268,-0.826
2.269,-0.829
2.269,-0.832
2.270,-0.835
2.270,-0.838
2.271,-0.841
2.271,-0.844
2.272,-0.847
2.272,-0.850
2.273,-0.852
2.273,-0.855
2.274,-0.858
2.274,-0.861
2.275,-0.864
2.275,-0.867
2.276,-0.869
2.276,-0.872
2.277,-0.875
2.277,-0.877
2.278,-0.880
2.278,-0.883
2.279,-0.885
2.279,-0.888
2.280,-0.890
2.280,-0.893
2.281,-0.895
2.281,-0.898
2.282,-0.900
2.282,-0.903
2.283,-0.905
2.283,-0.908
2.284,-0.910
2.284,-0.912
2.285,-0.915
2.285,-0.917
2.286,-0.919
2.286,-0.921
2.287,-0.924
2.287,-0.926
2.288,-0.928
2.288,-0.930
2.289,-0.932
2.289,-0.934
2.290,-0.936
2.290,-0.938
2.291,-0.940
2.291,-0.942
2.292,-0.944
2.292,-0.946
2.293,-0.948
2.293,-0.950
2.294,-0.952
2.294,-0.954
2.295,-0.956
2.295,-0.958
2.296,-0.959
2.296,-0.961
2.297,-0.963
2.297,-0.964
2.298,-0.966
2.298,-0.968
2.299,-0.969
2.299,-0.971
2.300,-0.973
2.300,-0.974
2.301,-0.976
2.301,-0.977
2.302,-0.979
2.302,-0.980
2.303,-0.981
2.303,-0.983
2.304,-0.984
2.304,-0.986
2.305,-0.987
2.305,-0.988
2.306,-0.989
2.306,-0.991
2.307,-0.992
2.307,-0.993
2.308,-0.994
2.308,-0.995
2.309,-0.996
2.309,-0.998
2.310,-0.999
2.310,-1.000
2.311,-1.001
2.311,-1.002
2.312,-1.003
2.312,-1.003
2.313,-1.004
2.313,-1.005
2.314,-1.006
2.314,-1.007
2.315,-1.008
2.315,-1.009
2.316,-1.009
2.316,-1.010
2.317,-1.011
2.317,-1.011
2.318,-1.012
2.318,-1.013
2.319,-1.013
2.319,-1.014
2.320,-1.014
2.320,-1.015
2.321,-1.015
2.321,-1.016
2.322,-1.016
2.322,-1.017
2.323,-1.017
2.323,-1.017
2.324,-1.018
2.324,-1.018
2.325,-1.018
2.325,-1.019
2.326,-1.019
2.326,-1.019
2.327,-1.019
2.327,-1.019
2.328,-1.019
2.328,-1.020
2.329,-1.020
2.329,-1.020
2.330,-1.020
2.330,-1.020
2.331,-1.020
2.331,-1.020
2.332,-1.020
2.332,-1.019
2.333,-1.019
2.333,-1.019
2.334,-1.019
2.334,-1.019
2.335,-1.018
2.335,-1.018
2.336,-1.018
2.336,-1.018
2.337,-1.017
2.337,-1.017
2.338,-1.017
2.338,-1.016
2.339,-1.016
2.339,-1.015
2.340,-1.015
2.340,-1.014
2.341,-1.014
2.341,-1.013
2.342,-1.013
2.342,-1.012
2.343,-1.011
2.343,-1.011
2.344,-1.010
2.344,-1.009
2.345,-1.008
2.345,-1.008
2.346,-1.007
2.346,-1.006
2.347,-1.005
2.347,-1.004
2.348,-1.003
2.348,-1.003
2.349,-1.002
2.349,-1.001
2.350,-1.000
2.350,-0.999
2.351,-0.998
2.351,-0.997
2.352,-0.995
2.352,-0.994
2.353,-0.993
2.353,-0.992
2.354,-0.991
2.354,-0.990
2.355,-0.988
2.355,-0.987
2.356,-0.986
2.356,-0.985
2.357,-0.983
2.357,-0.982
2.358,-0.980
2.358,-0.979
2.359,-0.978
2.359,-0.976
2.360,-0.975
2.360,-0.973
2.361,-0.972
2.361,-0.970
2.362,-0.969
2.362,-0.967
2.363,-0.965
2.363,-0.964
2.364,-0.962
2.364,-0.960
2.365,-0.959
2.365,-0.957
2.366,-0.955
2.366,-0.953
2.367,-0.951
2.367,-0.950
2.368,-0.948
2.368,-0.946
2.369,-0.944
2.369,-0.942
2.370,-0.940
2.370,-0.938
2.371,-0.936
2.371,-0.934
2.372,-0.932
2.372,-0.930
2.373,-0.928
2.373,-0.926
2.374,-0.924
2.374,-0.922
2.375,-0.919
2.375,-0.917
2.376,-0.915
2.376,-0.913
2.377,-0.911
2.377,-0.908
2.378,-0.906
2.378,-0.904
2.379,-0.901
2.379,-0.899
2.380,-0.897
2.380,-0.894
2.381,-0.892
2.381,-0.889
2.382,-0.887
2.382,-0.884
2.383,-0.882
2.383,-0.879
2.384,-0.877
2.384,-0.874
2.385,-0.871
2.385,-0.869
2.386,-0.866
2.386,-0.864
2.387,-0.861
2.387,-0.858
2.388,-0.855
2.388,-0.853
2.389,-0.850
2.389,-0.847
2.390,-0.844
2.390,-0.842
2.391,-0.839
2.391,-0.836
2.392,-0.833
2.392,-0.830
2.393,-0.827
2.393,-0.824
2.394,-0.821
2.394,-0.818
2.395,-0.815
2.395,-0.812
2.396,-0.809
2.396,-0.806
2.397,-0.803
2.397,-0.800
2.398,-0.797
2.398,-0.794
2.399,-0.791
2.399,-0.787
2.400,-0.784
2.400,-0.781
2.401,-0.778
2.401,-0.775
2.402,-0.771
2.402,-0.768
2.403,-0.765
2.403,-0.761
2.404,-0.758
2.404,-0.755
2.405,-0.751
2.405,-0.748
2.406,-0.745
2.406,-0.741
2.407,-0.738
2.407,-0.734
2.408,-0.731
2.408,-0.727
2.409,-0.724
2.409,-0.720
2.410,-0.717
2.410,-0.713
2.411,-0.710
2.411,-0.706
2.412,-0.702
2.412,-0.699
2.413,-0.695
2.413,-0.692
2.414,-0.688
2.414,-0.684
2.415,-0.681
2.415,-0.677
2.416,-0.673
2.416,-0.669
2.417,-0.666
2.417,-0.662
2.418,-0.658
2.418,-0.654
2.419,-0.650
2.419,-0.647
2.420,-0.643
2.420,-0.639
2.421,-0.635
2.421,-0.631
2.422,-0.627
2.422,-0.623
2.423,-0.619
2.423,-0.615
2.424,-0.612
2.424,-0.608
2.425,-0.604
2.425,-0.600
2.426,-0.596
2.426,-0.592
2.427,-0.588
2.427,-0.584
2.428,-0.579
2.428,-0.575
2.429,-0.571
2.429,-0.567
2.430,-0.563
2.430,-0.559
2.431,-0.555
2.431,-0.551
2.432,-0.547
2.432,-0.542
2.433,-0.538
2.433,-0.534
2.434,-0.530
2.434,-0.526
2.435,-0.521
2.435,-0.517
2.436,-0.513
2.436,-0.509
2.437,-0.504
2.437,-0.500
2.438,-0.496
2.438,-0.492
2.439,-0.487
2.439,-0.483
2.440,-0.479
2.440,-0.474
2.441,-0.470
2.441,-0.466
2.442,-0.461
2.442,-0.457
2.443,-0.452
2.443,-0.448
2.444,-0.444
2.444,-0.439
2.445,-0.435
2.445,-0.430
2.446,-0.426
2.446,-0.421
2.447,-0.417
2.447,-0.413
2.448,-0.408
2.448,-0.404
2.449,-0.399
2.449,-0.395
2.450,-0.390
2.450,-0.386
2.451,-0.381
2.451,-0.377
2.452,-0.372
2.452,-0.367
2.453,-0.363
2.453,-0.358
2.454,-0.354
2.454,-0.349
2.455,-0.345
2.455,-0.340
2.456,-0.335
2.456,-0.331
2.457,-0.326
2.457,-0.322
2.458,-0.317
2.458,-0.312
2.459,-0.308
2.459,-0.303
2.460,-0.299
2.460,-0.294
2.461,-0.289
2.461,-0.285
2.462,-0.280
2.462,-0.275
2.463,-0.271
2.463,-0.266
2.464,-0.261
2.464,-0.257
2.465,-0.252
2.465,-0.247
2.466,-0.243
2.466,-0.238
2.467,-0.233
2.467,-0.229
2.468,-0.224
2.468,-0.219
2.469,-0.214
2.469,-0.210
2.470,-0.205
2.470,-0.200
2.471,-0.196
2.471,-0.191
2.472,-0.186
2.472,-0.181
2.473,-0.177
2.473,-0.172
2.474,-0.167
2.474,-0.162
2.475,-0.158
2.475,-0.153
2.476,-0.148
2.476,-0.143
2.477,-0.139
2.477,-0.134
2.478,-0.129
2.478,-0.125
2.479,-0.120
2.479,-0.115
2.480,-0.110
2.480,-0.106
2.481,-0.101
2.481,-0.096
2.482,-0.091
2.482,-0.087
2.483,-0.082
2.483,-0.077
2.484,-0.072
2.484,-0.068
2.485,-0.063
2.485,-0.058
2.486,-0.053
2.486,-0.049
2.487,-0.044
2.487,-0.039
2.488,-0.034
2.488,-0.030
2.489,-0.025
2.489,-0.020
2.490,-0.015
2.490,-0.011
2.491,-0.006
2.491,-0.001
2.492,0.004
2.492,0.008
2.493,0.013
2.494,0.018
2.494,0.022
2.495,0.027
2.495,0.032
2.496,0.037
2.496,0.041
2.497,0.046
2.497,0.051
2.498,0.055
2.498,0.060
2.499,0.065
2.499,0.069
2.500,0.074
2.500,0.079
2.501,0.083
2.501,0.088
2.502,0.093
2.502,0.097
2.503,0.102
2.503,0.107
2.504,0.111
2.504,0.116
2.505,0.120
2.505,0.125
2.506,0.130
2.506,0.134
2.507,0.139
2.507,0.144
2.508,0.148
2.508,0.153
2.509,0.157
2.509,0.162
2.510,0.166
2.510,0.171
2.511,0.176
2.511,0.180
2.512,0.185
2.512,0.189
2.513,0.194
2.513,0.198
2.514,0.203
2.514,0.207
2.515,0.212
2.515,0.216
2.516,0.221
2.516,0.225
2.517,0.230
2.517,0.234
2.518,0.239
2.518,0.243
2.519,0.247
2.519,0.252
2.520,0.256
2.520,0.261
2.521,0.265
2.521,0.269
2.522,0.274
2.522,0.278
2.523,0.283
2.523,0.287
2.524,0.291
2.524,0.296
2.525,0.300
2.525,0.304
2.526,0.309
2.526,0.313
2.527,0.317
2.527,0.321
2.528,0.326
2.528,0.330
2.529,0.334
2.529,0.338
2.530,0.343
2.530,0.347
2.531,0.351
2.531,0.355
2.532,0.359
2.532,0.364
2.533,0.368
2.533,0.372
