0.000,0.000
0.001,5.001
0.001,5.001
0.002,5.002
0.002,5.002
0.003,5.003
0.003,5.004
0.004,5.004
0.004,5.005
0.005,5.006
0.005,5.006
0.006,5.007
0.006,5.008
0.007,5.009
0.007,5.009
0.008,5.010
0.008,5.011
0.009,5.012
0.009,5.013
0.010,5.013
0.010,5.014
0.011,5.015
0.011,5.016
0.012,5.017
0.012,5.018
0.013,5.019
0.013,5.019
0.014,5.020
0.014,5.021
0.015,5.022
0.015,5.023
0.016,5.024
0.016,5.025
0.017,5.026
0.017,5.027
0.018,5.028
0.018,5.028
0.019,5.029
0.019,5.030
0.020,5.031
0.020,5.032
0.021,5.033
0.021,5.034
0.022,5.035
0.022,5.036
0.023,5.037
0.023,5.038
0.024,5.039
0.024,5.040
0.025,5.041
0.025,5.042
0.026,5.042
0.026,5.043
0.027,5.044
0.027,5.045
0.028,5.046
0.028,5.047
0.029,5.048
0.029,5.049
0.030,5.050
0.030,5.051
0.031,5.052
0.031,5.053
0.032,5.054
0.032,5.055
0.033,5.056
0.033,5.057
0.034,5.057
0.034,5.058
0.035,5.059
0.035,5.060
0.036,5.061
0.036,5.062
0.037,5.063
0.037,5.064
0.038,5.065
0.038,5.066
0.039,5.067
0.039,5.068
0.040,5.069
0.040,5.070
0.041,5.071
0.041,5.072
0.042,5.073
0.042,5.074
0.043,5.075
0.043,5.076
0.044,5.077
0.044,5.078
0.045,5.079
0.045,5.079
0.046,5.080
0.046,5.081
0.047,5.082
0.047,5.083
0.048,5.084
0.048,5.085
0.049,5.086
0.049,5.087
0.050,5.088
0.050,5.089
0.051,5.090
0.051,5.091
0.052,5.092
0.052,5.093
0.053,5.094
0.053,5.095
0.054,5.096
0.054,5.098
0.055,5.099
0.055,5.100
0.056,5.101
0.056,5.102
0.057,5.103
0.057,5.104
0.058,5.105
0.058,5.106
0.059,5.107
0.059,5.108
0.060,5.109
0.060,5.110
0.061,5.111
0.061,5.112
0.062,5.113
0.062,5.114
0.063,5.116
0.063,5.117
0.064,5.118
0.064,5.119
0.065,5.120
0.065,5.121
0.066,5.122
0.066,5.123
0.067,5.124
0.067,5.126
0.068,5.127
0.068,5.128
0.069,5.129
0.069,5.130
0.070,5.131
0.070,5.133
0.071,5.134
0.071,5.135
0.072,5.136
0.072,5.137
0.073,5.138
0.073,5.140
0.074,5.141
0.074,5.142
0.075,5.143
0.075,5.144
0.076,5.146
0.076,5.147
0.077,5.148
0.077,5.149
0.078,5.150
0.078,5.152
0.079,5.153
0.079,5.154
0.080,5.155
0.080,5.157
0.081,5.158
0.081,5.159
0.082,5.160
0.082,5.162
0.083,5.163
0.083,5.164
0.084,5.166
0.084,5.167
0.085,5.168
0.085,5.169
0.086,5.171
0.086,5.172
0.087,5.173
0.087,5.175
0.088,5.176
0.088,5.177
0.089,5.179
0.089,5.180
0.090,5.181
0.090,5.183
0.091,5.184
0.091,5.185
0.092,5.187
0.092,5.188
0.093,5.189
0.093,5.191
0.094,5.192
0.094,5.193
0.095,5.195
0.095,5.196
0.096,5.197
0.096,5.199
0.097,5.200
0.097,5.202
0.098,5.203
0.098,5.204
0.099,5.206
0.099,5.207
0.100,5.209
0.100,5.210
0.101,5.211
0.101,5.213
0.102,5.214
0.102,5.216
0.103,5.217
0.103,5.219
0.104,5.220
0.104,5.221
0.105,5.223
0.105,5.224
0.106,5.226
0.106,5.227
0.107,5.229
0.107,5.230
0.108,5.231
0.108,5.233
0.109,5.234
0.109,5.236
0.110,5.237
0.110,5.239
0.111,5.240
0.111,5.242
0.112,5.243
0.112,5.245
0.113,5.246
0.113,5.248
0.114,5.249
0.114,5.251
0.115,5.252
0.115,5.254
0.116,5.255
0.116,5.257
0.117,5.258
0.117,5.260
0.118,5.261
0.118,5.263
0.119,5.264
0.119,5.266
0.120,5.267
0.120,5.269
0.121,5.270
0.121,5.272
0.122,5.273
0.122,5.275
0.123,5.276
0.123,5.278
0.124,5.279
0.124,5.281
0.125,5.282
0.125,5.284
0.126,5.285
0.126,5.287
0.127,5.288
0.127,5.290
0.128,5.291
0.128,5.293
0.129,5.294
0.129,5.296
0.130,5.297
0.130,5.299
0.131,5.301
0.131,5.302
0.132,5.304
0.132,5.305
0.133,5.307
0.133,5.308
0.134,5.310
0.134,5.311
0.135,5.313
0.135,5.314
0.136,5.316
0.136,5.317
0.137,5.319
0.137,5.321
0.138,5.322
0.138,5.324
0.139,5.325
0.139,5.327
0.140,5.328
0.140,5.330
0.141,5.331
0.141,5.333
0.142,5.334
0.142,5.336
0.143,5.337
0.143,5.339
0.144,5.341
0.144,5.342
0.145,5.344
0.145,5.345
0.146,5.347
0.146,5.348
0.147,5.350
0.147,5.351
0.148,5.353
0.148,5.354
0.149,5.356
0.149,5.358
0.150,5.359
0.150,5.361
0.151,5.362
0.151,5.364
0.152,5.365
0.152,5.367
0.153,5.368
0.153,5.370
0.154,5.371
0.154,5.373
0.155,5.374
0.155,5.376
0.156,5.377
0.156,5.379
0.157,5.380
0.157,5.382
0.158,5.383
0.158,5.385
0.159,5.387
0.159,5.388
0.160,5.390
0.160,5.391
0.161,5.393
0.161,5.394
0.162,5.396
0.162,5.397
0.163,5.399
0.163,5.400
0.164,5.402
0.164,5.403
0.165,5.405
0.165,5.406
0.166,5.408
0.166,5.409
0.167,5.411
0.167,5.412
0.168,5.414
0.168,5.415
0.169,5.417
0.169,5.418
0.170,5.419
0.170,5.421
0.171,5.422
0.171,5.424
0.172,5.425
0.172,5.427
0.173,5.428
0.173,5.430
0.174,5.431
0.174,5.433
0.175,5.434
0.175,5.436
0.176,5.437
0.176,5.438
0.177,5.440
0.177,5.441
0.178,5.443
0.178,5.444
0.179,5.446
0.179,5.447
0.180,5.449
0.180,5.450
0.181,5.451
0.181,5.453
0.182,5.454
0.182,5.456
0.183,5.457
0.183,5.458
0.184,5.460
0.184,5.461
0.185,5.463
0.185,5.464
0.186,5.465
0.186,5.467
0.187,5.468
0.187,5.470
0.188,5.471
0.188,5.472
0.189,5.474
0.189,5.475
0.190,5.476
0.190,5.478
0.191,5.479
0.191,5.480
0.192,5.482
0.192,5.483
0.193,5.484
0.193,5.486
0.194,5.487
0.194,5.488
0.195,5.490
0.195,5.491
0.196,5.492
0.196,5.494
0.197,5.495
0.197,5.496
0.198,5.498
0.198,5.499
0.199,5.500
0.199,5.502
0.200,5.503
0.200,5.504
0.201,5.505
0.201,5.507
0.202,5.508
0.202,5.509
0.203,5.510
0.203,5.512
0.204,5.513
0.204,5.514
0.205,5.515
0.205,5.517
0.206,5.518
0.206,5.519
0.207,5.520
0.207,5.522
0.208,5.523
0.208,5.524
0.209,5.525
0.209,5.526
0.210,5.528
0.210,5.529
0.211,5.530
0.211,5.531
0.212,5.532
0.212,5.533
0.213,5.535
0.213,5.536
0.214,5.537
0.214,5.538
0.215,5.539
0.215,5.540
0.216,5.541
0.216,5.543
0.217,5.544
0.217,5.545
0.218,5.546
0.218,5.547
0.219,5.548
0.219,5.549
0.220,5.550
0.220,5.551
0.221,5.553
0.221,5.554
0.222,5.555
0.222,5.556
0.223,5.557
0.223,5.558
0.224,5.559
0.224,5.560
0.225,5.561
0.225,5.562
0.226,5.563
0.226,5.564
0.227,5.565
0.227,5.566
0.228,5.567
0.228,5.568
0.229,5.569
0.229,5.570
0.230,5.571
0.230,5.572
0.231,5.573
0.231,5.574
0.232,5.575
0.232,5.576
0.233,5.577
0.233,5.578
0.234,5.579
0.234,5.580
0.235,5.581
0.235,5.581
0.236,5.582
0.236,5.583
0.237,5.584
0.237,5.585
0.238,5.586
0.238,5.587
0.239,5.588
0.239,5.589
0.240,5.589
0.240,5.590
0.241,5.591
0.241,5.592
0.242,5.593
0.242,5.594
0.243,5.594
0.243,5.595
0.244,5.596
0.244,5.597
0.245,5.598
0.245,5.598
0.246,5.599
0.246,5.600
0.247,5.601
0.247,5.602
0.248,5.602
0.248,5.603
0.249,5.604
0.249,5.605
0.250,5.605
0.250,5.606
0.251,5.607
0.251,5.607
0.252,5.608
0.252,5.609
0.253,5.610
0.253,5.610
0.254,5.611
0.254,5.612
0.255,5.612
0.255,5.613
0.256,5.614
0.256,5.614
0.257,5.615
0.257,5.615
0.258,5.616
0.258,5.617
0.259,5.617
0.259,5.618
0.260,5.619
0.260,5.619
0.261,5.620
0.261,5.620
0.262,5.621
0.262,5.621
0.263,5.622
0.263,5.623
0.264,5.623
0.264,5.624
0.265,5.624
0.265,5.625
0.266,5.625
0.266,5.626
0.267,5.626
0.267,5.627
0.268,5.627
0.268,5.628
0.269,5.628
0.269,5.629
0.270,5.629
0.270,5.630
0.271,5.630
0.271,5.630
0.272,5.631
0.272,5.631
0.273,5.632
0.273,5.632
0.274,5.633
0.274,5.633
0.275,5.633
0.275,5.634
0.276,5.634
0.276,5.634
0.277,5.635
0.277,5.635
0.278,5.636
0.278,5.636
0.279,5.636
0.279,5.637
0.280,5.637
0.280,5.637
0.281,5.637
0.281,5.638
0.282,5.638
0.282,5.638
0.283,5.639
0.283,5.639
0.284,5.639
0.284,5.639
0.285,5.640
0.285,5.640
0.286,5.640
0.286,5.640
0.287,5.641
0.287,5.641
0.288,5.641
0.288,5.641
0.289,5.641
0.289,5.642
0.290,5.642
0.290,5.642
0.291,5.642
0.291,5.642
0.292,5.642
0.292,5.642
0.293,5.643
0.293,5.643
0.294,5.643
0.294,5.643
0.295,5.643
0.295,5.643
0.296,5.643
0.296,5.643
0.297,5.643
0.297,5.644
0.298,5.644
0.298,5.644
0.299,5.644
0.299,5.644
0.300,5.644
0.300,5.644
0.301,5.644
0.301,5.644
0.302,5.644
0.302,5.644
0.303,5.644
0.303,5.644
0.304,5.644
0.304,5.644
0.305,5.644
0.305,5.644
0.306,5.644
0.306,5.644
0.307,5.643
0.307,5.643
0.308,5.643
0.308,5.643
0.309,5.643
0.309,5.643
0.310,5.643
0.310,5.643
0.311,5.643
0.311,5.643
0.312,5.642
0.312,5.642
0.313,5.642
0.313,5.642
0.314,5.642
0.314,5.642
0.315,5.641
0.315,5.641
0.316,5.641
0.316,5.641
0.317,5.641
0.317,5.640
0.318,5.640
0.318,5.640
0.319,5.640
0.319,5.639
0.320,5.639
0.320,5.639
0.321,5.639
0.321,5.638
0.322,5.638
0.322,5.638
0.323,5.638
0.323,5.637
0.324,5.637
0.324,5.637
0.325,5.636
0.325,5.636
0.326,5.636
0.326,5.635
0.327,5.635
0.327,5.635
0.328,5.634
0.328,5.634
0.329,5.634
0.329,5.633
0.330,5.633
0.330,5.632
0.331,5.632
0.331,5.632
0.332,5.631
0.332,5.631
0.333,5.630
0.333,5.630
0.334,5.629
0.334,5.629
0.335,5.629
0.335,5.628
0.336,5.628
0.336,5.627
0.337,5.627
0.337,5.626
0.338,5.626
0.338,5.625
0.339,5.625
0.339,5.624
0.340,5.624
0.340,5.623
0.341,5.623
0.341,5.622
0.342,5.622
0.342,5.621
0.343,5.620
0.343,5.620
0.344,5.619
0.344,5.619
0.345,5.618
0.345,5.618
0.346,5.617
0.346,5.616
0.347,5.616
0.347,5.615
0.348,5.615
0.348,5.614
0.349,5.613
0.349,5.613
0.350,5.612
0.350,5.611
0.351,5.611
0.351,5.610
0.352,5.609
0.352,5.609
0.353,5.608
0.353,5.607
0.354,5.607
0.354,5.606
0.355,5.605
0.355,5.605
0.356,5.604
0.356,5.603
0.357,5.602
0.357,5.602
0.358,5.601
0.358,5.600
0.359,5.599
0.359,5.599
0.360,5.598
0.360,5.597
0.361,5.596
0.361,5.596
0.362,5.595
0.362,5.594
0.363,5.593
0.363,5.593
0.364,5.592
0.364,5.591
0.365,5.590
0.365,5.589
0.366,5.588
0.366,5.588
0.367,5.587
0.367,5.586
0.368,5.585
0.368,5.584
0.369,5.583
0.369,5.583
0.370,5.582
0.370,5.581
0.371,5.580
0.371,5.579
0.372,5.578
0.372,5.577
0.373,5.576
0.373,5.575
0.374,5.575
0.374,5.574
0.375,5.573
0.375,5.572
0.376,5.571
0.376,5.570
0.377,5.569
0.377,5.568
0.378,5.567
0.378,5.566
0.379,5.565
0.379,5.564
0.380,5.563
0.380,5.562
0.381,5.561
0.381,5.560
0.382,5.559
0.382,5.558
0.383,5.557
0.383,5.556
0.384,5.555
0.384,5.554
0.385,5.553
0.385,5.552
0.386,5.551
0.386,5.550
0.387,5.549
0.387,5.548
0.388,5.547
0.388,5.546
0.389,5.545
0.389,5.544
0.390,5.543
0.390,5.542
0.391,5.541
0.391,5.540
0.392,5.539
0.392,5.538
0.393,5.537
0.393,5.536
0.394,5.535
0.394,5.533
0.395,5.532
0.395,5.531
0.396,5.530
0.396,5.529
0.397,5.528
0.397,5.527
0.398,5.526
0.398,5.525
0.399,5.524
0.399,5.522
0.400,5.521
0.400,5.520
0.401,5.519
0.401,5.518
0.402,5.517
0.402,5.516
0.403,5.514
0.403,5.513
0.404,5.512
0.404,5.511
0.405,5.510
0.405,5.509
0.406,5.508
0.406,5.506
0.407,5.505
0.407,5.504
0.408,5.503
0.408,5.502
0.409,5.500
0.409,5.499
0.410,5.498
0.410,5.497
0.411,5.496
0.411,5.494
0.412,5.493
0.412,5.492
0.413,5.491
0.413,5.490
0.414,5.488
0.414,5.487
0.415,5.486
0.415,5.485
0.416,5.484
0.416,5.482
0.417,5.481
0.417,5.480
0.418,5.479
0.418,5.477
0.419,5.476
0.419,5.475
0.420,5.474
0.420,5.472
0.421,5.471
0.421,5.470
0.422,5.469
0.422,5.467
0.423,5.466
0.423,5.465
0.424,5.464
0.424,5.462
0.425,5.461
0.425,5.460
0.426,5.459
0.426,5.457
0.427,5.456
0.427,5.455
0.428,5.454
0.428,5.452
0.429,5.451
0.429,5.450
0.430,5.448
0.430,5.447
0.431,5.446
0.431,5.445
0.432,5.443
0.432,5.442
0.433,5.441
0.433,5.439
0.434,5.438
0.434,5.437
0.435,5.436
0.435,5.434
0.436,5.433
0.436,5.432
0.437,5.430
0.437,5.429
0.438,5.428
0.438,5.426
0.439,5.425
0.439,5.424
0.440,5.423
0.440,5.421
0.441,5.420
0.441,5.419
0.442,5.417
0.442,5.416
0.443,5.415
0.443,5.413
0.444,5.412
0.444,5.411
0.445,5.409
0.445,5.408
0.446,5.407
0.446,5.406
0.447,5.404
0.447,5.403
0.448,5.402
0.448,5.400
0.449,5.399
0.449,5.398
0.450,5.396
0.450,5.395
0.451,5.394
0.451,5.392
0.452,5.391
0.452,5.390
0.453,5.388
0.453,5.387
0.454,5.386
0.454,5.384
0.455,5.383
0.455,5.382
0.456,5.381
0.456,5.379
0.457,5.378
0.457,5.377
0.458,5.375
0.458,5.374
0.459,5.373
0.459,5.371
0.460,5.370
0.460,5.369
0.461,5.367
0.461,5.366
0.462,5.365
0.462,5.363
0.463,5.362
0.463,5.361
0.464,5.359
0.464,5.358
0.465,5.357
0.465,5.356
0.466,5.354
0.466,5.353
0.467,5.352
0.467,5.350
0.468,5.349
0.468,5.348
0.469,5.346
0.469,5.345
0.470,5.344
0.470,5.343
0.471,5.341
0.471,5.340
0.472,5.339
0.472,5.337
0.473,5.336
0.473,5.335
0.474,5.333
0.474,5.332
0.475,5.331
0.475,5.330
0.476,5.328
0.476,5.327
0.477,5.326
0.477,5.324
0.478,5.323
0.478,5.322
0.479,5.321
0.479,5.319
0.480,5.318
0.480,5.317
0.481,5.316
0.481,5.314
0.482,5.313
0.482,5.312
0.483,5.311
0.483,5.309
0.484,5.308
0.484,5.307
0.485,5.305
0.485,5.304
0.486,5.303
0.486,5.302
0.487,5.301
0.487,5.299
0.488,5.298
0.488,5.297
0.489,5.296
0.489,5.294
0.490,5.293
0.490,5.292
0.491,5.291
0.491,5.289
0.492,5.288
0.492,5.287
0.493,5.286
0.493,5.285
0.494,5.283
0.494,5.282
0.495,5.281
0.495,5.280
0.496,5.278
0.496,5.277
0.497,5.276
0.497,5.275
0.498,5.274
0.498,5.273
0.499,5.271
0.499,5.270
0.500,5.269
0.500,5.268
0.501,5.267
0.501,5.265
0.502,5.264
0.502,5.263
0.503,5.262
0.503,5.261
0.503,5.260
0.504,5.259
0.504,5.257
0.505,5.256
0.505,5.255
0.506,5.254
0.506,5.253
0.507,5.252
0.507,5.251
0.508,5.249
0.508,5.248
0.509,5.247
0.509,5.246
0.510,5.245
0.510,5.244
0.511,5.243
0.511,5.242
0.512,5.241
0.512,5.239
0.513,5.238
0.513,5.237
0.514,5.236
0.514,5.235
0.515,5.234
0.515,5.233
0.516,5.232
0.516,5.231
0.517,5.230
0.517,5.229
0.518,5.228
0.518,5.227
0.519,5.226
0.519,5.225
0.520,5.223
0.520,5.222
0.521,5.221
0.521,5.220
0.522,5.219
0.522,5.218
0.523,5.217
0.523,5.216
0.524,5.215
0.524,5.214
0.525,5.213
0.525,5.212
0.526,5.211
0.526,5.210
0.527,5.209
0.527,5.208
0.528,5.207
0.528,5.206
0.529,5.206
0.529,5.205
0.530,5.204
0.530,5.203
0.531,5.202
0.531,5.201
0.532,5.200
0.532,5.199
0.533,5.198
0.533,5.197
0.534,5.196
0.534,5.195
0.535,5.194
0.535,5.193
0.536,5.193
0.536,5.192
0.537,5.191
0.537,5.190
0.538,5.189
0.538,5.188
0.539,5.187
0.539,5.186
0.540,5.186
0.540,5.185
0.541,5.184
0.541,5.183
0.542,5.182
0.542,5.181
0.543,5.180
0.543,5.180
0.544,5.179
0.544,5.178
0.545,5.177
0.545,5.176
0.546,5.176
0.546,5.175
0.547,5.174
0.547,5.173
0.548,5.172
0.548,5.172
0.549,5.171
0.549,5.170
0.550,5.169
0.550,5.169
0.551,5.168
0.551,5.167
0.552,5.166
0.552,5.166
0.553,5.165
0.553,5.164
0.554,5.163
0.554,5.163
0.555,5.162
0.555,5.161
0.556,5.161
0.556,5.160
0.557,5.159
0.557,5.159
0.558,5.158
0.558,5.157
0.559,5.157
0.559,5.156
0.560,5.155
0.560,5.155
0.561,5.154
0.561,5.153
0.562,5.153
0.562,5.152
0.563,5.152
0.563,5.151
0.564,5.150
0.564,5.150
0.565,5.149
0.565,5.149
0.566,5.148
0.566,5.147
0.567,5.147
0.567,5.146
0.568,5.146
0.568,5.145
0.569,5.145
0.569,5.144
0.570,5.143
0.570,5.143
0.571,5.142
0.571,5.142
0.572,5.141
0.572,5.141
0.573,5.140
0.573,5.140
0.574,5.139
0.574,5.139
0.575,5.138
0.575,5.138
0.576,5.137
0.576,5.137
0.577,5.137
0.577,5.136
0.578,5.136
0.578,5.135
0.579,5.135
0.579,5.134
0.580,5.134
0.580,5.134
0.581,5.133
0.581,5.133
0.582,5.132
0.582,5.132
0.583,5.132
0.583,5.131
0.584,5.131
0.584,5.130
0.585,5.130
0.585,5.130
0.586,5.129
0.586,5.129
0.587,5.129
0.587,5.128
0.588,5.128
0.588,5.128
0.589,5.127
0.589,5.127
0.590,5.127
0.590,5.126
0.591,5.126
0.591,5.126
0.592,5.126
0.592,5.125
0.593,5.125
0.593,5.125
0.594,5.125
0.594,5.124
0.595,5.124
0.595,5.124
0.596,5.124
0.596,5.123
0.597,5.123
0.597,5.123
0.598,5.123
0.598,5.123
0.599,5.122
0.599,5.122
0.600,5.122
0.600,5.122
0.601,5.122
0.601,5.122
0.602,5.121
0.602,5.121
0.603,5.121
0.603,5.121
0.604,5.121
0.604,5.121
0.605,5.121
0.605,5.120
0.606,5.120
0.606,5.120
0.607,5.120
0.607,5.120
0.608,5.120
0.608,5.120
0.609,5.120
0.609,5.120
0.610,5.120
0.610,5.120
0.611,5.120
0.611,5.120
0.612,5.120
0.612,5.120
0.613,5.120
0.613,5.120
0.614,5.120
0.614,5.120
0.615,5.120
0.615,5.120
0.616,5.120
0.616,5.120
0.617,5.120
0.617,5.120
0.618,5.120
0.618,5.120
0.619,5.120
0.619,5.120
0.620,5.120
0.620,5.120
0.621,5.120
0.621,5.120
0.622,5.120
0.622,5.120
0.623,5.120
0.623,5.121
0.624,5.121
0.624,5.121
0.625,5.121
0.625,5.121
0.626,5.121
0.626,5.121
0.627,5.121
0.627,5.122
0.628,5.122
0.628,5.122
0.629,5.122
0.629,5.122
0.630,5.122
0.630,5.123
0.631,5.123
0.631,5.123
0.632,5.123
0.632,5.123
0.633,5.124
0.633,5.124
0.634,5.124
0.634,5.124
0.635,5.125
0.635,5.125
0.636,5.125
0.636,5.125
0.637,5.126
0.637,5.126
0.638,5.126
0.638,5.127
0.639,5.127
0.639,5.127
0.640,5.127
0.640,5.128
0.641,5.128
0.641,5.128
0.642,5.129
0.642,5.129
0.643,5.129
0.643,5.130
0.644,5.130
0.644,5.130
0.645,5.131
0.645,5.131
0.646,5.131
0.646,5.132
0.647,5.132
0.647,5.133
0.648,5.133
0.648,5.133
0.649,5.134
0.649,5.134
0.650,5.135
0.650,5.135
0.651,5.136
0.651,5.136
0.652,5.136
0.652,5.137
0.653,5.137
0.653,5.138
0.654,5.138
0.654,5.139
0.655,5.139
0.655,5.140
0.656,5.140
0.656,5.141
0.657,5.141
0.657,5.142
0.658,5.142
0.658,5.143
0.659,5.143
0.659,5.144
0.660,5.144
0.660,5.145
0.661,5.145
0.661,5.146
0.662,5.146
0.662,5.147
0.663,5.147
0.663,5.148
0.664,5.148
0.664,5.149
0.665,5.150
0.665,5.150
0.666,5.151
0.666,5.151
0.667,5.152
0.667,5.153
0.668,5.153
0.668,5.154
0.669,5.154
0.669,5.155
0.670,5.156
0.670,5.156
0.671,5.157
0.671,5.158
0.672,5.158
0.672,5.159
0.673,5.159
0.673,5.160
0.674,5.161
0.674,5.161
0.675,5.162
0.675,5.163
0.676,5.164
0.676,5.164
0.677,5.165
0.677,5.166
0.678,5.166
0.678,5.167
0.679,5.168
0.679,5.168
0.680,5.169
0.680,5.170
0.681,5.171
0.681,5.171
0.682,5.172
0.682,5.173
0.683,5.174
0.683,5.174
0.684,5.175
0.684,5.176
0.685,5.177
0.685,5.177
0.686,5.178
0.686,5.179
0.687,5.180
0.687,5.180
0.688,5.181
0.688,5.182
0.689,5.183
0.689,5.184
0.690,5.184
0.690,5.185
0.691,5.186
0.691,5.187
0.692,5.188
0.692,5.188
0.693,5.189
0.693,5.190
0.694,5.191
0.694,5.192
0.695,5.193
0.695,5.193
0.696,5.194
0.696,5.195
0.697,5.196
0.697,5.197
0.698,5.198
0.698,5.199
0.699,5.200
0.699,5.200
0.700,5.201
0.700,5.202
0.701,5.203
0.701,5.204
0.702,5.205
0.702,5.206
0.703,5.207
0.703,5.208
0.704,5.208
0.704,5.209
0.705,5.210
0.705,5.211
0.706,5.212
0.706,5.213
0.707,5.214
0.707,5.215
0.708,5.216
0.708,5.217
0.709,5.218
0.709,5.219
0.710,5.220
0.710,5.221
0.711,5.222
0.711,5.222
0.712,5.223
0.712,5.224
0.713,5.225
0.713,5.226
0.714,5.227
0.714,5.228
0.715,5.229
0.715,5.230
0.716,5.231
0.716,5.232
0.717,5.233
0.717,5.234
0.718,5.235
0.718,5.236
0.719,5.237
0.719,5.238
0.720,5.239
0.720,5.240
0.721,5.241
0.721,5.242
0.722,5.243
0.722,5.244
0.723,5.245
0.723,5.246
0.724,5.247
0.724,5.248
0.725,5.249
0.725,5.250
0.726,5.251
0.726,5.252
0.727,5.253
0.727,5.255
0.728,5.256
0.728,5.257
0.729,5.258
0.729,5.259
0.730,5.260
0.730,5.261
0.731,5.262
0.731,5.263
0.732,5.264
0.732,5.265
0.733,5.266
0.733,5.267
0.734,5.268
0.734,5.269
0.735,5.270
0.735,5.271
0.736,5.273
0.736,5.274
0.737,5.275
0.737,5.276
0.738,5.277
0.738,5.278
0.739,5.279
0.739,5.280
0.740,5.281
0.740,5.282
0.741,5.283
0.741,5.284
0.742,5.286
0.742,5.287
0.743,5.288
0.743,5.289
0.744,5.290
0.744,5.291
0.745,5.292
0.745,5.293
0.746,5.294
0.746,5.295
0.747,5.296
0.747,5.298
0.748,5.299
0.748,5.300
0.749,5.301
0.749,5.302
0.750,5.303
0.750,5.304
0.751,5.305
0.751,5.306
0.752,5.308
0.752,5.309
0.753,5.310
0.753,5.311
0.754,5.312
0.754,5.313
0.755,5.314
0.755,5.315
0.756,5.317
0.756,5.318
0.757,5.319
0.757,5.320
0.758,5.321
0.758,5.322
0.759,5.323
0.759,5.324
0.760,5.325
0.760,5.327
0.761,5.328
0.761,5.329
0.762,5.330
0.762,5.331
0.763,5.332
0.763,5.333
0.764,5.334
0.764,5.336
0.765,5.337
0.765,5.338
0.766,5.339
0.766,5.340
0.767,5.341
0.767,5.342
0.768,5.343
0.768,5.345
0.769,5.346
0.769,5.347
0.770,5.348
0.770,5.349
0.771,5.350
0.771,5.351
0.772,5.352
0.772,5.354
0.773,5.355
0.773,5.356
0.774,5.357
0.774,5.358
0.775,5.359
0.775,5.360
0.776,5.361
0.776,5.363
0.777,5.364
0.777,5.365
0.778,5.366
0.778,5.367
0.779,5.368
0.779,5.369
0.780,5.370
0.780,5.371
0.781,5.373
0.781,5.374
0.782,5.375
0.782,5.376
0.783,5.377
0.783,5.378
0.784,5.379
0.784,5.380
0.785,5.381
0.785,5.383
0.786,5.384
0.786,5.385
0.787,5.386
0.787,5.387
0.788,5.388
0.788,5.389
0.789,5.390
0.789,5.391
0.790,5.392
0.790,5.393
0.791,5.395
0.791,5.396
0.792,5.397
0.792,5.398
0.793,5.399
0.793,5.400
0.794,5.401
0.794,5.402
0.795,5.403
0.795,5.404
0.796,5.405
0.796,5.406
0.797,5.408
0.797,5.409
0.798,5.410
0.798,5.411
0.799,5.412
0.799,5.413
0.800,5.414
0.800,5.415
0.801,5.416
0.801,5.417
0.802,5.418
0.802,5.419
0.803,5.420
0.803,5.421
0.804,5.422
0.804,5.423
0.805,5.424
0.805,5.425
0.806,5.426
0.806,5.428
0.807,5.429
0.807,5.430
0.808,5.431
0.808,5.432
0.809,5.433
0.809,5.434
0.810,5.435
0.810,5.436
0.811,5.437
0.811,5.438
0.812,5.439
0.812,5.440
0.813,5.441
0.813,5.442
0.814,5.443
0.814,5.444
0.815,5.445
0.815,5.446
0.816,5.447
0.816,5.448
0.817,5.449
0.817,5.450
0.818,5.451
0.818,5.452
0.819,5.453
0.819,5.454
0.820,5.455
0.820,5.455
0.821,5.456
0.821,5.457
0.822,5.458
0.822,5.459
0.823,5.460
0.823,5.461
0.824,5.462
0.824,5.463
0.825,5.464
0.825,5.465
0.826,5.466
0.826,5.467
0.827,5.468
0.827,5.469
0.828,5.470
0.828,5.470
0.829,5.471
0.829,5.472
0.830,5.473
0.830,5.474
0.831,5.475
0.831,5.476
0.832,5.477
0.832,5.478
0.833,5.479
0.833,5.479
0.834,5.480
0.834,5.481
0.835,5.482
0.835,5.483
0.836,5.484
0.836,5.485
0.837,5.486
0.837,5.486
0.838,5.487
0.838,5.488
0.839,5.489
0.839,5.490
0.840,5.491
0.840,5.491
0.841,5.492
0.841,5.493
0.842,5.494
0.842,5.495
0.843,5.496
0.843,5.496
0.844,5.497
0.844,5.498
0.845,5.499
0.845,5.500
0.846,5.500
0.846,5.501
0.847,5.502
0.847,5.503
0.848,5.503
0.848,5.504
0.849,5.505
0.849,5.506
0.850,5.506
0.850,5.507
0.851,5.508
0.851,5.509
0.852,5.509
0.852,5.510
0.853,5.511
0.853,5.512
0.854,5.512
0.854,5.513
0.855,5.514
0.855,5.515
0.856,5.515
0.856,5.516
0.857,5.517
0.857,5.517
0.858,5.518
0.858,5.519
0.859,5.519
0.859,5.520
0.860,5.521
0.860,5.521
0.861,5.522
0.861,5.523
0.862,5.523
0.862,5.524
0.863,5.525
0.863,5.525
0.864,5.526
0.864,5.527
0.865,5.527
0.865,5.528
0.866,5.528
0.866,5.529
0.867,5.530
0.867,5.530
0.868,5.531
0.868,5.532
0.869,5.532
0.869,5.533
0.870,5.533
0.870,5.534
0.871,5.534
0.871,5.535
0.872,5.536
0.872,5.536
0.873,5.537
0.873,5.537
0.874,5.538
0.874,5.538
0.875,5.539
0.875,5.539
0.876,5.540
0.876,5.540
0.877,5.541
0.877,5.541
0.878,5.542
0.878,5.542
0.879,5.543
0.879,5.543
0.880,5.544
0.880,5.544
0.881,5.545
0.881,5.545
0.882,5.546
0.882,5.546
0.883,5.547
0.883,5.547
0.884,5.548
0.884,5.548
0.885,5.549
0.885,5.549
0.886,5.549
0.886,5.550
0.887,5.550
0.887,5.551
0.888,5.551
0.888,5.551
0.889,5.552
0.889,5.552
0.890,5.553
0.890,5.553
0.891,5.553
0.891,5.554
0.892,5.554
0.892,5.555
0.893,5.555
0.893,5.555
0.894,5.556
0.894,5.556
0.895,5.556
0.895,5.557
0.896,5.557
0.896,5.557
0.897,5.558
0.897,5.558
0.898,5.558
0.898,5.558
0.899,5.559
0.899,5.559
0.900,5.559
0.900,5.560
0.901,5.560
0.901,5.560
0.902,5.560
0.902,5.561
0.903,5.561
0.903,5.561
0.904,5.561
0.904,5.562
0.905,5.562
0.905,5.562
0.906,5.562
0.906,5.563
0.907,5.563
0.907,5.563
0.908,5.563
0.908,5.563
0.909,5.564
0.909,5.564
0.910,5.564
0.910,5.564
0.911,5.564
0.911,5.565
0.912,5.565
0.912,5.565
0.913,5.565
0.913,5.565
0.914,5.565
0.914,5.565
0.915,5.566
0.915,5.566
0.916,5.566
0.916,5.566
0.917,5.566
0.917,5.566
0.918,5.566
0.918,5.566
0.919,5.566
0.919,5.566
0.920,5.567
0.920,5.567
0.921,5.567
0.921,5.567
0.922,5.567
0.922,5.567
0.923,5.567
0.923,5.567
0.924,5.567
0.924,5.567
0.925,5.567
0.925,5.567
0.926,5.567
0.926,5.567
0.927,5.567
0.927,5.567
0.928,5.567
0.928,5.567
0.929,5.567
0.929,5.567
0.930,5.567
0.930,5.567
0.931,5.567
0.931,5.567
0.932,5.567
0.932,5.567
0.933,5.567
0.933,5.567
0.934,5.567
0.934,5.567
0.935,5.566
0.935,5.566
0.936,5.566
0.936,5.566
0.937,5.566
0.937,5.566
0.938,5.566
0.938,5.566
0.939,5.566
0.939,5.566
0.940,5.565
0.940,5.565
0.941,5.565
0.941,5.565
0.942,5.565
0.942,5.565
0.943,5.565
0.943,5.564
0.944,5.564
0.944,5.564
0.945,5.564
0.945,5.564
0.946,5.563
0.946,5.563
0.947,5.563
0.947,5.563
0.948,5.563
0.948,5.562
0.949,5.562
0.949,5.562
0.950,5.562
0.950,5.561
0.951,5.561
0.951,5.561
0.952,5.561
0.952,5.561
0.953,5.560
0.953,5.560
0.954,5.560
0.954,5.559
0.955,5.559
0.955,5.559
0.956,5.559
0.956,5.558
0.957,5.558
0.957,5.558
0.958,5.557
0.958,5.557
0.959,5.557
0.959,5.556
0.960,5.556
0.960,5.556
0.961,5.555
0.961,5.555
0.962,5.555
0.962,5.554
0.963,5.554
0.963,5.554
0.964,5.553
0.964,5.553
0.965,5.553
0.965,5.552
0.966,5.552
0.966,5.551
0.967,5.551
0.967,5.551
0.968,5.550
0.968,5.550
0.969,5.549
0.969,5.549
0.970,5.549
0.970,5.548
0.971,5.548
0.971,5.547
0.972,5.547
0.972,5.546
0.973,5.546
0.973,5.545
0.974,5.545
0.974,5.545
0.975,5.544
0.975,5.544
0.976,5.543
0.976,5.543
0.977,5.542
0.977,5.542
0.978,5.541
0.978,5.541
0.979,5.540
0.979,5.540
0.980,5.539
0.980,5.539
0.981,5.538
0.981,5.538
0.982,5.537
0.982,5.537
0.983,5.536
0.983,5.536
0.984,5.535
0.984,5.534
0.985,5.534
0.985,5.533
0.986,5.533
0.986,5.532
0.987,5.532
0.987,5.531
0.988,5.530
0.988,5.530
0.989,5.529
0.989,5.529
0.990,5.528
0.990,5.528
0.991,5.527
0.991,5.526
0.992,5.526
0.992,5.525
0.993,5.525
0.993,5.524
0.994,5.523
0.994,5.523
0.995,5.522
0.995,5.521
0.996,5.521
0.996,5.520
0.997,5.519
0.997,5.519
0.998,5.518
0.998,5.518
0.999,5.517
0.999,5.516
1.000,5.516
1.000,5.515
1.001,5.514
1.001,5.514
1.002,5.513
1.002,5.512
1.003,5.511
1.003,5.511
1.004,5.510
1.004,5.509
1.005,5.509
1.005,5.508
1.006,5.507
1.006,5.507
1.007,5.506
1.007,5.505
1.008,5.504
1.008,5.504
1.009,5.503
1.009,5.502
1.010,5.501
1.010,5.501
1.011,5.500
1.011,5.499
1.012,5.499
1.012,5.498
1.013,5.497
1.013,5.496
1.014,5.496
1.014,5.495
1.015,5.494
1.015,5.493
1.016,5.492
1.016,5.492
1.017,5.491
1.017,5.490
1.018,5.489
1.018,5.489
1.019,5.488
1.019,5.487
1.020,5.486
1.020,5.485
1.021,5.485
1.021,5.484
1.022,5.483
1.022,5.482
1.023,5.481
1.023,5.481
1.024,5.480
1.024,5.479
1.025,5.478
1.025,5.477
1.026,5.476
1.026,5.476
1.027,5.475
1.027,5.474
1.028,5.473
1.028,5.472
1.029,5.471
1.029,5.471
1.030,5.470
1.030,5.469
1.031,5.468
1.031,5.467
1.032,5.466
1.032,5.465
1.033,5.465
1.033,5.464
1.034,5.463
1.034,5.462
1.035,5.461
1.035,5.460
1.036,5.459
1.036,5.459
1.037,5.458
1.037,5.457
1.038,5.456
1.038,5.455
1.039,5.454
1.039,5.453
1.040,5.452
1.040,5.452
1.041,5.451
1.041,5.450
1.042,5.449
1.042,5.448
1.043,5.447
1.043,5.446
1.044,5.445
1.044,5.444
1.045,5.443
1.045,5.443
1.046,5.442
1.046,5.441
1.047,5.440
1.047,5.439
1.048,5.438
1.048,5.437
1.049,5.436
1.049,5.435
1.050,5.434
1.050,5.433
1.051,5.432
1.051,5.432
1.052,5.431
1.052,5.430
1.053,5.429
1.053,5.428
1.054,5.427
1.054,5.426
1.055,5.425
1.055,5.424
1.056,5.423
1.056,5.422
1.057,5.421
1.057,5.420
1.058,5.419
1.058,5.418
1.059,5.418
1.059,5.417
1.060,5.416
1.060,5.415
1.061,5.414
1.061,5.413
1.062,5.412
1.062,5.411
1.063,5.410
1.063,5.409
1.064,5.408
1.064,5.407
1.065,5.406
1.065,5.405
1.066,5.404
1.066,5.403
1.067,5.402
1.067,5.401
1.068,5.400
1.068,5.400
1.069,5.399
1.069,5.398
1.070,5.397
1.070,5.396
1.071,5.395
1.071,5.394
1.072,5.393
1.072,5.392
1.073,5.391
1.073,5.390
1.074,5.389
1.074,5.388
1.075,5.387
1.075,5.386
1.076,5.385
1.076,5.384
1.077,5.383
1.077,5.382
1.078,5.381
1.078,5.380
1.079,5.379
1.079,5.378
1.080,5.377
1.080,5.377
1.081,5.376
1.081,5.375
1.082,5.374
1.082,5.373
1.083,5.372
1.083,5.371
1.084,5.370
1.084,5.369
1.085,5.368
1.085,5.367
1.086,5.366
1.086,5.365
1.087,5.364
1.087,5.363
1.088,5.362
1.088,5.361
1.089,5.360
1.089,5.359
1.090,5.358
1.090,5.357
1.091,5.356
1.091,5.355
1.092,5.355
1.092,5.354
1.093,5.353
1.093,5.352
1.094,5.351
1.094,5.350
1.095,5.349
1.095,5.348
1.096,5.347
1.096,5.346
1.097,5.345
1.097,5.344
1.098,5.343
1.098,5.342
1.099,5.341
1.099,5.340
1.100,5.339
1.100,5.338
1.101,5.338
1.101,5.337
1.102,5.336
1.102,5.335
1.103,5.334
1.103,5.333
1.104,5.332
1.104,5.331
1.105,5.330
1.105,5.329
1.106,5.328
1.106,5.327
1.107,5.326
1.107,5.325
1.108,5.325
1.108,5.324
1.109,5.323
1.109,5.322
1.110,5.321
1.110,5.320
1.111,5.319
1.111,5.318
1.112,5.317
1.112,5.316
1.113,5.315
1.113,5.315
1.114,5.314
1.114,5.313
1.115,5.312
1.115,5.311
1.116,5.310
1.116,5.309
1.117,5.308
1.117,5.307
1.118,5.306
1.118,5.306
1.119,5.305
1.119,5.304
1.120,5.303
1.120,5.302
1.121,5.301
1.121,5.300
1.122,5.299
1.122,5.299
1.123,5.298
1.123,5.297
1.124,5.296
1.124,5.295
1.125,5.294
1.125,5.293
1.126,5.293
1.126,5.292
1.127,5.291
1.127,5.290
1.128,5.289
1.128,5.288
1.129,5.287
1.129,5.287
1.130,5.286
1.130,5.285
1.131,5.284
1.131,5.283
1.132,5.282
1.132,5.282
1.133,5.281
1.133,5.280
1.134,5.279
1.134,5.278
1.135,5.278
1.135,5.277
1.136,5.276
1.136,5.275
1.137,5.274
1.137,5.273
1.138,5.273
1.138,5.272
1.139,5.271
1.139,5.270
1.140,5.270
1.140,5.269
1.141,5.268
1.141,5.267
1.142,5.266
1.142,5.266
1.143,5.265
1.143,5.264
1.144,5.263
1.144,5.263
1.145,5.262
1.145,5.261
1.146,5.260
1.146,5.260
1.147,5.259
1.147,5.258
1.148,5.257
1.148,5.257
1.149,5.256
1.149,5.255
1.150,5.254
1.150,5.254
1.151,5.253
1.151,5.252
1.152,5.251
1.152,5.251
1.153,5.250
1.153,5.249
1.154,5.249
1.154,5.248
1.155,5.247
1.155,5.247
1.156,5.246
1.156,5.245
1.157,5.244
1.157,5.244
1.158,5.243
1.158,5.242
1.159,5.242
1.159,5.241
1.160,5.240
1.160,5.240
1.161,5.239
1.161,5.238
1.162,5.238
1.162,5.237
1.163,5.236
1.163,5.236
1.164,5.235
1.164,5.235
1.165,5.234
1.165,5.233
1.166,5.233
1.166,5.232
1.167,5.231
1.167,5.231
1.168,5.230
1.168,5.230
1.169,5.229
1.169,5.228
1.170,5.228
1.170,5.227
1.171,5.227
1.171,5.226
1.172,5.225
1.172,5.225
1.173,5.224
1.173,5.224
1.174,5.223
1.174,5.223
1.175,5.222
1.175,5.222
1.176,5.221
1.176,5.220
1.177,5.220
1.177,5.219
1.178,5.219
1.178,5.218
1.179,5.218
1.179,5.217
1.180,5.217
1.180,5.216
1.181,5.216
1.181,5.215
1.182,5.215
1.182,5.214
1.183,5.214
1.183,5.213
1.184,5.213
1.184,5.212
1.185,5.212
1.185,5.211
1.186,5.211
1.186,5.210
1.187,5.210
1.187,5.209
1.188,5.209
1.188,5.208
1.189,5.208
1.189,5.208
1.190,5.207
1.190,5.207
1.191,5.206
1.191,5.206
1.192,5.205
1.192,5.205
1.193,5.205
1.193,5.204
1.194,5.204
1.194,5.203
1.195,5.203
1.195,5.203
1.196,5.202
1.196,5.202
1.197,5.201
1.197,5.201
1.198,5.201
1.198,5.200
1.199,5.200
1.199,5.200
1.200,5.199
1.200,5.199
1.201,5.199
1.201,5.198
1.202,5.198
1.202,5.198
1.203,5.197
1.203,5.197
1.204,5.197
1.204,5.196
1.205,5.196
1.205,5.196
1.206,5.195
1.206,5.195
1.207,5.195
1.207,5.194
1.208,5.194
1.208,5.194
1.209,5.194
1.209,5.193
1.210,5.193
1.210,5.193
1.211,5.193
1.211,5.192
1.212,5.192
1.212,5.192
1.213,5.192
1.213,5.191
1.214,5.191
1.214,5.191
1.215,5.191
1.215,5.190
1.216,5.190
1.216,5.190
1.217,5.190
1.217,5.190
1.218,5.189
1.218,5.189
1.219,5.189
1.219,5.189
1.220,5.189
1.220,5.188
1.221,5.188
1.221,5.188
1.222,5.188
1.222,5.188
1.223,5.188
1.223,5.187
1.224,5.187
1.224,5.187
1.225,5.187
1.225,5.187
1.226,5.187
1.226,5.187
1.227,5.187
1.227,5.186
1.228,5.186
1.228,5.186
1.229,5.186
1.229,5.186
1.230,5.186
1.230,5.186
1.231,5.186
1.231,5.186
1.232,5.186
1.232,5.185
1.233,5.185
1.233,5.185
1.234,5.185
1.234,5.185
1.235,5.185
1.235,5.185
1.236,5.185
1.236,5.185
1.237,5.185
1.237,5.185
1.238,5.185
1.238,5.185
1.239,5.185
1.239,5.185
1.240,5.185
1.240,5.185
1.241,5.185
1.241,5.185
1.242,5.185
1.242,5.185
1.243,5.185
1.243,5.185
1.244,5.185
1.244,5.185
1.245,5.185
1.245,5.185
1.246,5.185
1.246,5.185
1.247,5.185
1.247,5.185
1.248,5.186
1.248,5.186
1.249,5.186
1.249,5.186
1.250,5.186
1.250,5.186
1.251,5.186
1.251,5.186
1.252,5.186
1.252,5.186
1.253,5.186
1.253,5.187
1.254,5.187
1.254,5.187
1.255,5.187
1.255,5.187
1.256,5.187
1.256,5.187
1.257,5.188
1.257,5.188
1.258,5.188
1.258,5.188
1.259,5.188
1.259,5.188
1.260,5.189
1.260,5.189
1.261,5.189
1.261,5.189
1.262,5.189
1.262,5.189
1.263,5.190
1.263,5.190
1.264,5.190
1.264,5.190
1.265,5.190
1.265,5.191
1.266,5.191
1.266,5.191
1.267,5.191
1.267,5.192
1.268,5.192
1.268,5.192
1.269,5.192
1.269,5.193
1.270,5.193
1.270,5.193
1.271,5.193
1.271,5.194
1.272,5.194
1.272,5.194
1.273,5.194
1.273,5.195
1.274,5.195
1.274,5.195
1.275,5.196
1.275,5.196
1.276,5.196
1.276,5.197
1.277,5.197
1.277,5.197
1.278,5.198
1.278,5.198
1.279,5.198
1.279,5.198
1.280,5.199
1.280,5.199
1.281,5.200
1.281,5.200
1.282,5.200
1.282,5.201
1.283,5.201
1.283,5.201
1.284,5.202
1.284,5.202
1.285,5.202
1.285,5.203
1.286,5.203
1.286,5.204
1.287,5.204
1.287,5.204
1.288,5.205
1.288,5.205
1.289,5.206
1.289,5.206
1.290,5.206
1.290,5.207
1.291,5.207
1.291,5.208
1.292,5.208
1.292,5.209
1.293,5.209
1.293,5.209
1.294,5.210
1.294,5.210
1.295,5.211
1.295,5.211
1.296,5.212
1.296,5.212
1.297,5.213
1.297,5.213
1.298,5.213
1.298,5.214
1.299,5.214
1.299,5.215
1.300,5.215
1.300,5.216
1.301,5.216
1.301,5.217
1.302,5.217
1.302,5.218
1.303,5.218
1.303,5.219
1.304,5.219
1.304,5.220
1.305,5.220
1.305,5.221
1.306,5.221
1.306,5.222
1.307,5.223
1.307,5.223
1.308,5.224
1.308,5.224
1.309,5.225
1.309,5.225
1.310,5.226
1.310,5.226
1.311,5.227
1.311,5.227
1.312,5.228
1.312,5.229
1.313,5.229
1.313,5.230
1.314,5.230
1.314,5.231
1.315,5.231
1.315,5.232
1.316,5.233
1.316,5.233
1.317,5.234
1.317,5.234
1.318,5.235
1.318,5.236
1.319,5.236
1.319,5.237
1.320,5.237
1.320,5.238
1.321,5.239
1.321,5.239
1.322,5.240
1.322,5.241
1.323,5.241
1.323,5.242
1.324,5.242
1.324,5.243
1.325,5.244
1.325,5.244
1.326,5.245
1.326,5.246
1.327,5.246
1.327,5.247
1.328,5.248
1.328,5.248
1.329,5.249
1.329,5.250
1.330,5.250
1.330,5.251
1.331,5.252
1.331,5.252
1.332,5.253
1.332,5.254
1.333,5.254
1.333,5.255
1.334,5.256
1.334,5.256
1.335,5.257
1.335,5.258
1.336,5.258
1.336,5.259
1.337,5.260
1.337,5.260
1.338,5.261
1.338,5.262
1.339,5.263
1.339,5.263
1.340,5.264
1.340,5.265
1.341,5.265
1.341,5.266
1.342,5.267
1.342,5.268
1.343,5.268
1.343,5.269
1.344,5.270
1.344,5.270
1.345,5.271
1.345,5.272
1.346,5.273
1.346,5.273
1.347,5.274
1.347,5.275
1.348,5.276
1.348,5.276
1.349,5.277
1.349,5.278
1.350,5.279
1.350,5.279
1.351,5.280
1.351,5.281
1.352,5.282
1.352,5.282
1.353,5.283
1.353,5.284
1.354,5.285
1.354,5.285
1.355,5.286
1.355,5.287
1.356,5.288
1.356,5.288
1.357,5.289
1.357,5.290
1.358,5.291
1.358,5.292
1.359,5.292
1.359,5.293
1.360,5.294
1.360,5.295
1.361,5.295
1.361,5.296
1.362,5.297
1.362,5.298
1.363,5.299
1.363,5.299
1.364,5.300
1.364,5.301
1.365,5.302
1.365,5.303
1.366,5.303
1.366,5.304
1.367,5.305
1.367,5.306
1.368,5.306
1.368,5.307
1.369,5.308
1.369,5.309
1.370,5.310
1.370,5.310
1.371,5.311
1.371,5.312
1.372,5.313
1.372,5.314
1.373,5.315
1.373,5.315
1.374,5.316
1.374,5.317
1.375,5.318
1.375,5.319
1.376,5.319
1.376,5.320
1.377,5.321
1.377,5.322
1.378,5.323
1.378,5.323
1.379,5.324
1.379,5.325
1.380,5.326
1.380,5.327
1.381,5.327
1.381,5.328
1.382,5.329
1.382,5.330
1.383,5.331
1.383,5.332
1.384,5.332
1.384,5.333
1.385,5.334
1.385,5.335
1.386,5.336
1.386,5.336
1.387,5.337
1.387,5.338
1.388,5.339
1.388,5.340
1.389,5.341
1.389,5.341
1.390,5.342
1.390,5.343
1.391,5.344
1.391,5.345
1.392,5.345
1.392,5.346
1.393,5.347
1.393,5.348
1.394,5.349
1.394,5.350
1.395,5.350
1.395,5.351
1.396,5.352
1.396,5.353
1.397,5.354
1.397,5.354
1.398,5.355
1.398,5.356
1.399,5.357
1.399,5.358
1.400,5.359
1.400,5.359
1.401,5.360
1.401,5.361
1.402,5.362
1.402,5.363
1.403,5.363
1.403,5.364
1.404,5.365
1.404,5.366
1.405,5.367
1.405,5.368
1.406,5.368
1.406,5.369
1.407,5.370
1.407,5.371
1.408,5.372
1.408,5.372
1.409,5.373
1.409,5.374
1.410,5.375
1.410,5.376
1.411,5.376
1.411,5.377
1.412,5.378
1.412,5.379
1.413,5.380
1.413,5.380
1.414,5.381
1.414,5.382
1.415,5.383
1.415,5.384
1.416,5.384
1.416,5.385
1.417,5.386
1.417,5.387
1.418,5.388
1.418,5.388
1.419,5.389
1.419,5.390
1.420,5.391
1.420,5.392
1.421,5.392
1.421,5.393
1.422,5.394
1.422,5.395
1.423,5.395
1.423,5.396
1.424,5.397
1.424,5.398
1.425,5.399
1.425,5.399
1.426,5.400
1.426,5.401
1.427,5.402
1.427,5.402
1.428,5.403
1.428,5.404
1.429,5.405
1.429,5.405
1.430,5.406
1.430,5.407
1.431,5.408
1.431,5.408
1.432,5.409
1.432,5.410
1.433,5.411
1.433,5.411
1.434,5.412
1.434,5.413
1.435,5.414
1.435,5.414
1.436,5.415
1.436,5.416
1.437,5.417
1.437,5.417
1.438,5.418
1.438,5.419
1.439,5.420
1.439,5.420
1.440,5.421
1.440,5.422
1.441,5.422
1.441,5.423
1.442,5.424
1.442,5.425
1.443,5.425
1.443,5.426
1.444,5.427
1.444,5.428
1.445,5.428
1.445,5.429
1.446,5.430
1.446,5.430
1.447,5.431
1.447,5.432
1.448,5.432
1.448,5.433
1.449,5.434
1.449,5.434
1.450,5.435
1.450,5.436
1.451,5.437
1.451,5.437
1.452,5.438
1.452,5.439
1.453,5.439
1.453,5.440
1.454,5.441
1.454,5.441
1.455,5.442
1.455,5.443
1.456,5.443
1.456,5.444
1.457,5.445
1.457,5.445
1.458,5.446
1.458,5.446
1.459,5.447
1.459,5.448
1.460,5.448
1.460,5.449
1.461,5.450
1.461,5.450
1.462,5.451
1.462,5.452
1.463,5.452
1.463,5.453
1.464,5.453
1.464,5.454
1.465,5.455
1.465,5.455
1.466,5.456
1.466,5.456
1.467,5.457
1.467,5.458
1.468,5.458
1.468,5.459
1.469,5.459
1.469,5.460
1.470,5.461
1.470,5.461
1.471,5.462
1.471,5.462
1.472,5.463
1.472,5.463
1.473,5.464
1.473,5.465
1.474,5.465
1.474,5.466
1.475,5.466
1.475,5.467
1.476,5.467
1.476,5.468
1.477,5.468
1.477,5.469
1.478,5.470
1.478,5.470
1.479,5.471
1.479,5.471
1.480,5.472
1.480,5.472
1.481,5.473
1.481,5.473
1.482,5.474
1.482,5.474
1.483,5.475
1.483,5.475
1.484,5.476
1.484,5.476
1.485,5.477
1.485,5.477
1.486,5.478
1.486,5.478
1.487,5.479
1.487,5.479
1.488,5.480
1.488,5.480
1.489,5.481
1.489,5.481
1.490,5.482
1.490,5.482
1.491,5.482
1.491,5.483
1.492,5.483
1.492,5.484
1.493,5.484
1.493,5.485
1.494,5.485
1.494,5.486
1.495,5.486
1.495,5.486
1.496,5.487
1.496,5.487
1.497,5.488
1.497,5.488
1.498,5.488
1.498,5.489
1.499,5.489
1.499,5.490
1.500,5.490
1.500,5.490
1.501,5.491
1.501,5.491
1.502,5.492
1.502,5.492
1.503,5.492
1.503,5.493
1.504,5.493
1.504,5.493
1.505,5.494
1.505,5.494
1.506,5.495
1.506,5.495
1.507,5.495
1.507,5.496
1.508,5.496
1.508,5.496
1.509,5.497
1.509,5.497
1.510,5.497
1.510,5.498
1.511,5.498
1.511,5.498
1.512,5.498
1.512,5.499
1.513,5.499
1.513,5.499
1.514,5.500
1.514,5.500
1.515,5.500
1.515,5.501
1.516,5.501
1.516,5.501
1.517,5.501
1.517,5.502
1.518,5.502
1.518,5.502
1.519,5.502
1.519,5.503
1.520,5.503
1.520,5.503
1.521,5.503
1.521,5.504
1.522,5.504
1.522,5.504
1.523,5.504
1.523,5.505
1.524,5.505
1.524,5.505
1.525,5.505
1.525,5.505
1.526,5.506
1.526,5.506
1.527,5.506
1.527,5.506
1.528,5.506
1.528,5.507
1.529,5.507
1.529,5.507
1.530,5.507
1.530,5.507
1.531,5.508
1.531,5.508
1.532,5.508
1.532,5.508
1.533,5.508
1.533,5.508
1.534,5.508
1.534,5.509
1.535,5.509
1.535,5.509
1.536,5.509
1.536,5.509
1.537,5.509
1.537,5.509
1.538,5.509
1.538,5.510
1.539,5.510
1.539,5.510
1.540,5.510
1.540,5.510
1.541,5.510
1.541,5.510
1.542,5.510
1.542,5.510
1.543,5.510
1.543,5.511
1.544,5.511
1.544,5.511
1.545,5.511
1.545,5.511
1.546,5.511
1.546,5.511
1.547,5.511
1.547,5.511
1.548,5.511
1.548,5.511
1.549,5.511
1.549,5.511
1.550,5.511
1.550,5.511
1.551,5.511
1.551,5.511
1.552,5.511
1.552,5.511
1.553,5.511
1.553,5.511
1.554,5.511
1.554,5.511
1.555,5.511
1.555,5.511
1.556,5.511
1.556,5.511
1.557,5.511
1.557,5.511
1.558,5.511
1.558,5.511
1.559,5.511
1.559,5.511
1.560,5.511
1.560,5.511
1.561,5.511
1.561,5.511
1.562,5.511
1.562,5.510
1.563,5.510
1.563,5.510
1.564,5.510
1.564,5.510
1.565,5.510
1.565,5.510
1.566,5.510
1.566,5.510
1.567,5.510
1.567,5.510
1.568,5.509
1.568,5.509
1.569,5.509
1.569,5.509
1.570,5.509
1.570,5.509
1.571,5.509
1.571,5.509
1.572,5.508
1.572,5.508
1.573,5.508
1.573,5.508
1.574,5.508
1.574,5.508
1.575,5.508
1.575,5.507
1.576,5.507
1.576,5.507
1.577,5.507
1.577,5.507
1.578,5.506
1.578,5.506
1.579,5.506
1.579,5.506
1.580,5.506
1.580,5.505
1.581,5.505
1.581,5.505
1.582,5.505
1.582,5.505
1.583,5.504
1.583,5.504
1.584,5.504
1.584,5.504
1.585,5.503
1.585,5.503
1.586,5.503
1.586,5.503
1.587,5.503
1.587,5.502
1.588,5.502
1.588,5.502
1.589,5.501
1.589,5.501
1.590,5.501
1.590,5.501
1.591,5.500
1.591,5.500
1.592,5.500
1.592,5.500
1.593,5.499
1.593,5.499
1.594,5.499
1.594,5.498
1.595,5.498
1.595,5.498
1.596,5.497
1.596,5.497
1.597,5.497
1.597,5.497
1.598,5.496
1.598,5.496
1.599,5.496
1.599,5.495
1.600,5.495
1.600,5.495
1.601,5.494
1.601,5.494
1.602,5.494
1.602,5.493
1.603,5.493
1.603,5.492
1.604,5.492
1.604,5.492
1.605,5.491
1.605,5.491
1.606,5.491
1.606,5.490
1.607,5.490
1.607,5.489
1.608,5.489
1.608,5.489
1.609,5.488
1.609,5.488
1.610,5.488
1.610,5.487
1.611,5.487
1.611,5.486
1.612,5.486
1.612,5.485
1.613,5.485
1.613,5.485
1.614,5.484
1.614,5.484
1.615,5.483
1.615,5.483
1.616,5.483
1.616,5.482
1.617,5.482
1.617,5.481
1.618,5.481
1.618,5.480
1.619,5.480
1.619,5.479
1.620,5.479
1.620,5.479
1.621,5.478
1.621,5.478
1.622,5.477
1.622,5.477
1.623,5.476
1.623,5.476
1.624,5.475
1.624,5.475
1.625,5.474
1.625,5.474
1.626,5.473
1.626,5.473
1.627,5.472
1.627,5.472
1.628,5.471
1.628,5.471
1.629,5.470
1.629,5.470
1.630,5.469
1.630,5.469
1.631,5.468
1.631,5.468
1.632,5.467
1.632,5.467
1.633,5.466
1.633,5.466
1.634,5.465
1.634,5.465
1.635,5.464
1.635,5.464
1.636,5.463
1.636,5.462
1.637,5.462
1.637,5.461
1.638,5.461
1.638,5.460
1.639,5.460
1.639,5.459
1.640,5.459
1.640,5.458
1.641,5.458
1.641,5.457
1.642,5.456
1.642,5.456
1.643,5.455
1.643,5.455
1.644,5.454
1.644,5.454
1.645,5.453
1.645,5.452
1.646,5.452
1.646,5.451
1.647,5.451
1.647,5.450
1.648,5.449
1.648,5.449
1.649,5.448
1.649,5.448
1.650,5.447
1.650,5.447
1.651,5.446
1.651,5.445
1.652,5.445
1.652,5.444
1.653,5.444
1.653,5.443
1.654,5.442
1.654,5.442
1.655,5.441
1.655,5.440
1.656,5.440
1.656,5.439
1.657,5.439
1.657,5.438
1.658,5.437
1.658,5.437
1.659,5.436
1.659,5.435
1.660,5.435
1.660,5.434
1.661,5.434
1.661,5.433
1.662,5.432
1.662,5.432
1.663,5.431
1.663,5.430
1.664,5.430
1.664,5.429
1.665,5.428
1.665,5.428
1.666,5.427
1.666,5.427
1.667,5.426
1.667,5.425
1.668,5.425
1.668,5.424
1.669,5.423
1.669,5.423
1.670,5.422
1.670,5.421
1.671,5.421
1.671,5.420
1.672,5.419
1.672,5.419
1.673,5.418
1.673,5.417
1.674,5.417
1.674,5.416
1.675,5.415
1.675,5.415
1.676,5.414
1.676,5.413
1.677,5.413
1.677,5.412
1.678,5.411
1.678,5.411
1.679,5.410
1.679,5.409
1.680,5.409
1.680,5.408
1.681,5.407
1.681,5.407
1.682,5.406
1.682,5.405
1.683,5.404
1.683,5.404
1.684,5.403
1.684,5.402
1.685,5.402
1.685,5.401
1.686,5.400
1.686,5.400
1.687,5.399
1.687,5.398
1.688,5.398
1.688,5.397
1.689,5.396
1.689,5.396
1.690,5.395
1.690,5.394
1.691,5.393
1.691,5.393
1.692,5.392
1.692,5.391
1.693,5.391
1.693,5.390
1.694,5.389
1.694,5.389
1.695,5.388
1.695,5.387
1.696,5.387
1.696,5.386
1.697,5.385
1.697,5.384
1.698,5.384
1.698,5.383
1.699,5.382
1.699,5.382
1.700,5.381
1.700,5.380
1.701,5.380
1.701,5.379
1.702,5.378
1.702,5.377
1.703,5.377
1.703,5.376
1.704,5.375
1.704,5.375
1.705,5.374
1.705,5.373
1.706,5.373
1.706,5.372
1.707,5.371
1.707,5.370
1.708,5.370
1.708,5.369
1.709,5.368
1.709,5.368
1.710,5.367
1.710,5.366
1.711,5.366
1.711,5.365
1.712,5.364
1.712,5.363
1.713,5.363
1.713,5.362
1.714,5.361
1.714,5.361
1.715,5.360
1.715,5.359
1.716,5.359
1.716,5.358
1.717,5.357
1.717,5.357
1.718,5.356
1.718,5.355
1.719,5.354
1.719,5.354
1.720,5.353
1.720,5.352
1.721,5.352
1.721,5.351
1.722,5.350
1.722,5.350
1.723,5.349
1.723,5.348
1.724,5.348
1.724,5.347
1.725,5.346
1.725,5.345
1.726,5.345
1.726,5.344
1.727,5.343
1.727,5.343
1.728,5.342
1.728,5.341
1.729,5.341
1.729,5.340
1.730,5.339
1.730,5.339
1.731,5.338
1.731,5.337
1.732,5.337
1.732,5.336
1.733,5.335
1.733,5.335
1.734,5.334
1.734,5.333
1.735,5.333
1.735,5.332
1.736,5.331
1.736,5.331
1.737,5.330
1.737,5.329
1.738,5.329
1.738,5.328
1.739,5.327
1.739,5.327
1.740,5.326
1.740,5.325
1.741,5.325
1.741,5.324
1.742,5.323
1.742,5.323
1.743,5.322
1.743,5.321
1.744,5.321
1.744,5.320
1.745,5.320
1.745,5.319
1.746,5.318
1.746,5.318
1.747,5.317
1.747,5.316
1.748,5.316
1.748,5.315
1.749,5.314
1.749,5.314
1.750,5.313
1.750,5.313
1.751,5.312
1.751,5.311
1.752,5.311
1.752,5.310
1.753,5.309
1.753,5.309
1.754,5.308
1.754,5.308
1.755,5.307
1.755,5.306
1.756,5.306
1.756,5.305
1.757,5.305
1.757,5.304
1.758,5.303
1.758,5.303
1.759,5.302
1.759,5.302
1.760,5.301
1.760,5.300
1.761,5.300
1.761,5.299
1.762,5.299
1.762,5.298
1.763,5.297
1.763,5.297
1.764,5.296
1.764,5.296
1.765,5.295
1.765,5.295
1.766,5.294
1.766,5.293
1.767,5.293
1.767,5.292
1.768,5.292
1.768,5.291
1.769,5.291
1.769,5.290
1.770,5.289
1.770,5.289
1.771,5.288
1.771,5.288
1.772,5.287
1.772,5.287
1.773,5.286
1.773,5.286
1.774,5.285
1.774,5.285
1.775,5.284
1.775,5.283
1.776,5.283
1.776,5.282
1.777,5.282
1.777,5.281
1.778,5.281
1.778,5.280
1.779,5.280
1.779,5.279
1.780,5.279
1.780,5.278
1.781,5.278
1.781,5.277
1.782,5.277
1.782,5.276
1.783,5.276
1.783,5.275
1.784,5.275
1.784,5.274
1.785,5.274
1.785,5.273
1.786,5.273
1.786,5.272
1.787,5.272
1.787,5.271
1.788,5.271
1.788,5.270
1.789,5.270
1.789,5.269
1.790,5.269
1.790,5.269
1.791,5.268
1.791,5.268
1.792,5.267
1.792,5.267
1.793,5.266
1.793,5.266
1.794,5.265
1.794,5.265
1.795,5.265
1.795,5.264
1.796,5.264
1.796,5.263
1.797,5.263
1.797,5.262
1.798,5.262
1.798,5.262
1.799,5.261
1.799,5.261
1.800,5.260
1.800,5.260
1.801,5.259
1.801,5.259
1.802,5.259
1.802,5.258
1.803,5.258
1.803,5.258
1.804,5.257
1.804,5.257
1.805,5.256
1.805,5.256
1.806,5.256
1.806,5.255
1.807,5.255
1.807,5.254
1.808,5.254
1.808,5.254
1.809,5.253
1.809,5.253
1.810,5.253
1.810,5.252
1.811,5.252
1.811,5.252
1.812,5.251
1.812,5.251
1.813,5.251
1.813,5.250
1.814,5.250
1.814,5.250
1.815,5.249
1.815,5.249
1.816,5.249
1.816,5.248
1.817,5.248
1.817,5.248
1.818,5.247
1.818,5.247
1.819,5.247
1.819,5.247
1.820,5.246
1.820,5.246
1.821,5.246
1.821,5.246
1.822,5.246
1.822,5.246
1.823,5.246
1.823,5.246
1.824,5.246
1.824,5.246
1.825,5.246
1.825,5.246
1.826,5.246
1.826,5.246
1.827,5.247
1.827,5.247
1.828,5.247
1.828,5.248
1.829,5.248
1.829,5.248
1.830,5.249
1.830,5.249
1.831,5.250
1.831,5.250
1.832,5.251
1.832,5.251
1.833,5.252
1.833,5.252
1.834,5.253
1.834,5.253
1.835,5.254
1.835,5.255
1.836,5.255
1.836,5.256
1.837,5.257
1.837,5.257
1.838,5.258
1.838,5.259
1.839,5.260
1.839,5.261
1.840,5.262
1.840,5.263
1.841,5.264
1.841,5.265
1.842,5.266
1.842,5.267
1.843,5.268
1.843,5.269
1.844,5.270
1.844,5.271
1.845,5.273
1.845,5.274
1.846,5.275
1.846,5.277
1.847,5.278
1.847,5.280
1.848,5.281
1.848,5.283
1.849,5.284
1.849,5.286
1.850,5.287
1.850,5.289
1.851,5.291
1.851,5.292
1.852,5.294
1.852,5.296
1.853,5.298
1.853,5.300
1.854,5.301
1.854,5.303
1.855,5.305
1.855,5.307
1.856,5.309
1.856,5.311
1.857,5.313
1.857,5.315
1.858,5.318
1.858,5.320
1.859,5.322
1.859,5.324
1.860,5.326
1.860,5.329
1.861,5.331
1.861,5.333
1.862,5.336
1.862,5.338
1.863,5.341
1.863,5.343
1.864,5.346
1.864,5.348
1.865,5.351
1.865,5.353
1.866,5.356
1.866,5.359
1.867,5.361
1.867,5.364
1.868,5.367
1.868,5.370
1.869,5.372
1.869,5.375
1.870,5.378
1.870,5.381
1.871,5.384
1.871,5.387
1.872,5.390
1.872,5.393
1.873,5.396
1.873,5.399
1.874,5.402
1.874,5.405
1.875,5.408
1.875,5.412
1.876,5.415
1.876,5.418
1.877,5.421
1.877,5.424
1.878,5.428
1.878,5.431
1.879,5.434
1.879,5.438
1.880,5.441
1.880,5.445
1.881,5.448
1.881,5.452
1.882,5.455
1.882,5.459
1.883,5.462
1.883,5.466
1.884,5.469
1.884,5.473
1.885,5.477
1.885,5.480
1.886,5.484
1.886,5.488
1.887,5.492
1.887,5.495
1.888,5.499
1.888,5.503
1.889,5.507
1.889,5.511
1.890,5.515
1.890,5.519
1.891,5.523
1.891,5.527
1.892,5.531
1.892,5.535
1.893,5.539
1.893,5.543
1.894,5.547
1.894,5.551
1.895,5.555
1.895,5.559
1.896,5.563
1.896,5.567
1.897,5.572
1.897,5.576
1.898,5.580
1.898,5.584
1.899,5.589
1.899,5.593
1.900,5.597
1.900,5.602
1.901,5.606
1.901,5.611
1.902,5.615
1.902,5.619
1.903,5.624
1.903,5.628
1.904,5.633
1.904,5.637
1.905,5.642
1.905,5.646
1.906,5.651
1.906,5.656
1.907,5.660
1.907,5.665
1.908,5.670
1.908,5.674
1.909,5.679
1.909,5.684
1.910,5.688
1.910,5.693
1.911,5.698
1.911,5.703
1.912,5.707
1.912,5.712
1.913,5.717
1.913,5.722
1.914,5.727
1.914,5.732
1.915,5.736
1.915,5.741
1.916,5.746
1.916,5.751
1.917,5.756
1.917,5.761
1.918,5.766
1.918,5.771
1.919,5.776
1.919,5.781
1.920,5.786
1.920,5.791
1.921,5.796
1.921,5.802
1.922,5.807
1.922,5.812
1.923,5.817
1.923,5.822
1.924,5.828
1.924,5.833
1.925,5.838
1.925,5.844
1.926,5.849
1.926,5.855
1.927,5.860
1.927,5.866
1.928,5.871
1.928,5.877
1.929,5.883
1.929,5.888
1.930,5.894
1.930,5.900
1.931,5.905
1.931,5.911
1.932,5.917
1.932,5.923
1.933,5.929
1.933,5.935
1.934,5.941
1.934,5.947
1.935,5.953
1.935,5.959
1.936,5.965
1.936,5.972
1.937,5.978
1.937,5.984
1.938,5.990
1.938,5.997
1.939,6.003
1.939,6.009
1.940,6.016
1.940,6.022
1.941,6.029
1.941,6.036
1.942,6.042
1.942,6.049
1.943,6.055
1.943,6.062
1.944,6.069
1.944,6.076
1.945,6.083
1.945,6.089
1.946,6.096
1.946,6.103
1.947,6.110
1.947,6.117
1.948,6.124
1.948,6.132
1.949,6.139
1.949,6.146
1.950,6.153
1.950,6.160
1.951,6.168
1.951,6.175
1.952,6.182
1.952,6.190
1.953,6.197
1.953,6.205
1.954,6.212
1.954,6.220
1.955,6.227
1.955,6.235
1.956,6.242
1.956,6.250
1.957,6.258
1.957,6.266
1.958,6.273
1.958,6.281
1.959,6.289
1.959,6.298
1.960,6.306
1.960,6.315
1.961,6.323
1.961,6.332
1.962,6.341
1.962,6.350
1.963,6.359
1.963,6.368
1.964,6.377
1.964,6.386
1.965,6.395
1.965,6.403
1.966,6.412
1.966,6.421
1.967,6.430
1.967,6.439
1.968,6.448
1.968,6.457
1.969,6.466
1.969,6.475
1.970,6.484
1.970,6.493
1.971,6.501
1.971,6.510
1.972,6.519
1.972,6.528
1.973,6.537
1.973,6.546
1.974,6.555
1.974,6.564
1.975,6.573
1.975,6.582
1.976,6.592
1.976,6.601
1.977,6.610
1.977,6.619
1.978,6.628
1.978,6.637
1.979,6.646
1.979,6.656
1.980,6.665
1.980,6.674
1.981,6.683
1.981,6.693
1.982,6.702
1.982,6.711
1.983,6.721
1.983,6.730
1.984,6.739
1.984,6.749
1.985,6.758
1.985,6.768
1.986,6.777
1.986,6.787
1.987,6.796
1.987,6.806
1.988,6.815
1.988,6.825
1.989,6.835
1.989,6.844
1.990,6.854
1.990,6.864
1.991,6.873
1.991,6.883
1.992,6.893
1.992,6.902
1.993,6.912
1.993,6.922
1.994,6.931
1.994,6.941
1.995,6.951
1.995,6.960
1.996,6.970
1.996,6.979
1.997,6.989
1.997,6.999
1.998,7.008
1.998,7.018
1.999,7.028
1.999,7.037
2.000,7.047
2.000,7.056
2.001,7.066
2.001,7.076
2.002,7.085
2.002,7.095
2.003,7.104
2.003,7.114
2.004,7.123
2.004,7.133
2.005,7.143
2.005,7.152
2.006,7.162
2.006,7.171
2.007,7.181
2.007,7.190
2.008,7.200
2.008,7.209
2.009,7.219
2.009,7.228
2.010,7.238
2.010,7.247
2.011,7.257
2.011,7.266
2.012,7.276
2.012,7.285
2.013,7.295
2.013,7.304
2.014,7.314
2.014,7.323
2.015,7.332
2.015,7.342
2.016,7.351
2.016,7.361
2.017,7.370
2.017,7.379
2.018,7.389
2.018,7.398
2.019,7.407
2.019,7.417
2.020,7.426
2.020,7.436
2.021,7.445
2.021,7.454
2.022,7.463
2.022,7.473
2.023,7.482
2.023,7.491
2.024,7.501
2.024,7.510
2.025,7.519
2.025,7.528
2.026,7.538
2.026,7.547
2.027,7.556
2.027,7.565
2.028,7.575
2.028,7.584
2.029,7.593
2.029,7.602
2.030,7.611
2.030,7.621
2.031,7.630
2.031,7.639
2.032,7.648
2.032,7.657
2.033,7.666
2.033,7.676
2.034,7.685
2.034,7.694
2.035,7.703
2.035,7.712
2.036,7.721
2.036,7.730
2.037,7.739
2.037,7.748
2.038,7.757
2.038,7.766
2.039,7.775
2.039,7.784
2.040,7.794
2.040,7.803
2.041,7.812
2.041,7.821
2.042,7.830
2.042,7.839
2.043,7.848
2.043,7.857
2.044,7.865
2.044,7.874
2.045,7.883
2.045,7.892
2.046,7.901
2.046,7.910
2.047,7.919
2.047,7.928
2.048,7.937
2.048,7.946
2.049,7.955
2.049,7.964
2.050,7.973
2.050,7.981
2.051,7.990
2.051,7.999
2.052,8.008
2.052,8.017
2.053,8.026
2.053,8.035
2.054,8.043
2.054,8.052
2.055,8.061
2.055,8.070
2.056,8.079
2.056,8.087
2.057,8.096
2.057,8.105
2.058,8.114
2.058,8.122
2.059,8.131
2.059,8.140
2.060,8.149
2.060,8.157
2.061,8.166
2.061,8.175
2.062,8.184
2.062,8.192
2.063,8.201
2.063,8.210
2.064,8.218
2.064,8.227
2.065,8.236
2.065,8.244
2.066,8.253
2.066,8.262
2.067,8.270
2.067,8.279
2.068,8.288
2.068,8.296
2.069,8.305
2.069,8.313
2.070,8.322
2.070,8.331
2.071,8.339
2.071,8.348
2.072,8.356
2.072,8.365
2.073,8.374
2.073,8.382
2.074,8.391
2.074,8.399
2.075,8.408
2.075,8.416
2.076,8.425
2.076,8.433
2.077,8.442
2.077,8.450
2.078,8.459
2.078,8.467
2.079,8.476
2.079,8.484
2.080,8.493
2.080,8.501
2.081,8.510
2.081,8.518
2.082,8.527
2.082,8.535
2.083,8.544
2.083,8.552
2.084,8.560
2.084,8.569
2.085,8.577
2.085,8.586
2.086,8.594
2.086,8.603
2.087,8.611
2.087,8.619
2.088,8.628
2.088,8.636
2.089,8.644
2.089,8.653
2.090,8.661
2.090,8.670
2.091,8.678
2.091,8.686
2.092,8.695
2.092,8.703
2.093,8.711
2.093,8.720
2.094,8.728
2.094,8.736
2.095,8.745
2.095,8.753
2.096,8.761
2.096,8.769
2.097,8.778
2.097,8.786
2.098,8.794
2.098,8.803
2.099,8.811
2.099,8.819
2.100,8.827
2.100,8.836
2.101,8.844
2.101,8.852
2.102,8.860
2.102,8.869
2.103,8.877
2.103,8.885
2.104,8.893
2.104,8.901
2.105,8.910
2.105,8.918
2.106,8.926
2.106,8.934
2.107,8.942
2.107,8.951
2.108,8.959
2.108,8.967
2.109,8.975
2.109,8.983
2.110,8.991
2.110,9.000
2.111,9.008
2.111,9.016
2.112,9.024
2.112,9.032
2.113,9.040
2.113,9.048
2.114,9.057
2.114,9.065
2.115,9.073
2.115,9.081
2.116,9.089
2.116,9.097
2.117,9.105
2.117,9.113
2.118,9.121
2.118,9.129
2.119,9.138
2.119,9.146
2.120,9.154
2.120,9.162
2.121,9.170
2.121,9.178
2.122,9.186
2.122,9.194
2.123,9.202
2.123,9.210
2.124,9.218
2.124,9.226
2.125,9.234
2.125,9.242
2.126,9.250
2.126,9.258
2.127,9.266
2.127,9.274
2.128,9.282
2.128,9.290
2.129,9.298
2.129,9.306
2.130,9.314
2.130,9.322
2.131,9.330
2.131,9.338
2.132,9.346
2.132,9.354
2.133,9.362
2.133,9.370
2.134,9.378
2.134,9.386
2.135,9.394
2.135,9.402
2.136,9.410
2.136,9.418
2.137,9.426
2.137,9.434
2.138,9.442
2.138,9.450
2.139,9.457
2.139,9.465
2.140,9.473
2.140,9.481
2.141,9.489
2.141,9.497
2.142,9.505
2.142,9.513
2.143,9.521
2.143,9.529
2.144,9.536
2.144,9.544
2.145,9.552
2.145,9.560
2.146,9.568
2.146,9.576
2.147,9.584
2.147,9.592
2.148,9.599
2.148,9.607
2.149,9.615
2.149,9.623
2.150,9.631
2.150,9.639
2.151,9.647
2.151,9.654
2.152,9.662
2.152,9.670
2.153,9.678
2.153,9.686
2.154,9.694
2.154,9.701
2.155,9.709
2.155,9.717
2.156,9.725
2.156,9.733
2.157,9.740
2.157,9.748
2.158,9.756
2.158,9.764
2.159,9.772
2.159,9.779
2.160,9.787
2.160,9.795
2.161,9.803
2.161,9.811
2.162,9.818
2.162,9.826
2.163,9.834
2.163,9.842
2.164,9.850
2.164,9.857
2.165,9.865
2.165,9.873
2.166,9.881
2.166,9.888
2.167,9.896
2.167,9.904
2.168,9.912
2.168,9.919
2.169,9.927
2.169,9.935
2.170,9.943
2.170,9.950
2.171,9.958
2.171,9.966
2.172,9.974
2.172,9.981
2.173,9.989
2.173,9.997
2.174,10.004
2.174,10.012
2.175,10.020
2.175,10.028
2.176,10.035
2.176,10.043
2.177,10.051
2.177,10.058
2.178,10.066
2.178,10.074
2.179,10.082
2.179,10.089
2.180,10.097
2.180,10.105
2.181,10.112
2.181,10.120
2.182,10.128
2.182,10.135
2.183,10.143
2.183,10.151
2.184,10.158
2.184,10.166
2.185,10.174
2.185,10.181
2.186,10.189
2.186,10.197
2.187,10.205
2.187,10.212
2.188,10.220
2.188,10.228
2.189,10.235
2.189,10.243
2.190,10.251
2.190,10.258
2.191,10.266
2.191,10.273
2.192,10.281
2.192,10.289
2.193,10.296
2.193,10.304
2.194,10.312
2.194,10.319
2.195,10.327
2.195,10.335
2.196,10.342
2.196,10.350
2.197,10.358
2.197,10.365
2.198,10.373
2.198,10.381
2.199,10.388
2.199,10.396
2.200,10.403
2.200,10.411
2.201,10.419
2.201,10.426
2.202,10.434
2.202,10.442
2.203,10.449
2.203,10.457
2.204,10.464
2.204,10.472
2.205,10.480
2.205,10.487
2.206,10.495
2.206,10.503
2.207,10.510
2.207,10.518
2.208,10.525
2.208,10.533
2.209,10.541
2.209,10.548
2.210,10.556
2.210,10.563
2.211,10.571
2.211,10.579
2.212,10.586
2.212,10.594
2.213,10.601
2.213,10.609
2.214,10.617
2.214,10.624
2.215,10.632
2.215,10.640
2.216,10.647
2.216,10.655
2.217,10.662
2.217,10.670
2.218,10.678
2.218,10.685
2.219,10.693
2.219,10.700
2.220,10.708
2.220,10.715
2.221,10.723
2.221,10.731
2.222,10.738
2.222,10.746
2.223,10.753
2.223,10.761
2.224,10.769
2.224,10.776
2.225,10.784
2.225,10.791
2.226,10.799
2.226,10.807
2.227,10.814
2.227,10.822
2.228,10.829
2.228,10.837
2.229,10.845
2.229,10.852
2.230,10.860
2.230,10.867
2.231,10.875
2.231,10.882
2.232,10.890
2.232,10.898
2.233,10.905
2.233,10.913
2.234,10.920
2.234,10.928
2.235,10.936
2.235,10.943
2.236,10.951
2.236,10.958
2.237,10.966
2.237,10.974
2.238,10.981
2.238,10.989
2.239,10.996
2.239,11.004
2.240,11.011
2.240,11.019
2.241,11.027
2.241,11.034
2.242,11.042
2.242,11.049
2.243,11.057
2.243,11.065
2.244,11.072
2.244,11.080
2.245,11.087
2.245,11.095
2.246,11.103
2.246,11.110
2.247,11.118
2.247,11.125
2.248,11.133
2.248,11.141
2.249,11.148
2.249,11.156
2.250,11.163
2.250,11.171
2.251,11.179
2.251,11.186
2.252,11.194
2.252,11.201
2.253,11.209
2.253,11.216
2.254,11.224
2.254,11.232
2.255,11.239
2.255,11.247
2.256,11.254
2.256,11.262
2.257,11.270
2.257,11.277
2.258,11.285
2.258,11.293
2.259,11.300
2.259,11.308
2.260,11.315
2.260,11.323
2.261,11.331
2.261,11.338
2.262,11.346
2.262,11.353
2.263,11.361
2.263,11.369
2.264,11.376
2.264,11.384
2.265,11.391
2.265,11.399
2.266,11.407
2.266,11.414
2.267,11.422
2.267,11.430
2.268,11.437
2.268,11.445
2.269,11.452
2.269,11.460
2.270,11.468
2.270,11.475
2.271,11.483
2.271,11.491
2.272,11.498
2.272,11.506
2.273,11.514
2.273,11.521
2.274,11.529
2.274,11.536
2.275,11.544
2.275,11.552
2.276,11.559
2.276,11.567
2.277,11.575
2.277,11.582
2.278,11.590
2.278,11.598
2.279,11.605
2.279,11.613
2.280,11.621
2.280,11.628
2.281,11.636
2.281,11.644
2.282,11.651
2.282,11.659
2.283,11.667
2.283,11.674
2.284,11.682
2.284,11.690
2.285,11.697
2.285,11.705
2.286,11.713
2.286,11.720
2.287,11.728
2.287,11.736
2.288,11.743
2.288,11.751
2.289,11.759
2.289,11.766
2.290,11.774
2.290,11.782
2.291,11.790
2.291,11.797
2.292,11.805
2.292,11.813
2.293,11.820
2.293,11.828
2.294,11.836
2.294,11.843
2.295,11.851
2.295,11.859
2.296,11.867
2.296,11.874
2.297,11.882
2.297,11.890
2.298,11.897
2.298,11.905
2.299,11.913
2.299,11.921
2.300,11.928
2.300,11.936
2.301,11.944
2.301,11.952
2.302,11.959
2.302,11.967
2.303,11.975
2.303,11.983
2.304,11.990
2.304,11.998
2.305,12.006
2.305,12.014
2.306,12.021
2.306,12.029
2.307,12.037
2.307,12.045
2.308,12.053
2.308,12.060
2.309,12.068
2.309,12.076
2.310,12.084
2.310,12.091
2.311,12.099
2.311,12.107
2.312,12.115
2.312,12.123
2.313,12.130
2.313,12.138
2.314,12.146
2.314,12.154
2.315,12.162
2.315,12.169
2.316,12.177
2.316,12.185
2.317,12.193
2.317,12.201
2.318,12.209
2.318,12.216
2.319,12.224
2.319,12.232
2.320,12.240
2.320,12.248
2.321,12.256
2.321,12.263
2.322,12.271
2.322,12.279
2.323,12.287
2.323,12.295
2.324,12.303
2.324,12.311
2.325,12.319
2.325,12.326
2.326,12.334
2.326,12.342
2.327,12.350
2.327,12.358
2.328,12.366
2.328,12.374
2.329,12.382
2.329,12.390
2.330,12.397
2.330,12.405
2.331,12.413
2.331,12.421
2.332,12.429
2.332,12.437
2.333,12.445
2.333,12.453
2.334,12.461
2.334,12.469
2.335,12.477
2.335,12.485
2.336,12.493
2.336,12.501
2.337,12.509
2.337,12.516
2.338,12.524
2.338,12.532
2.339,12.540
2.339,12.548
2.340,12.556
2.340,12.564
2.341,12.572
2.341,12.580
2.342,12.588
2.342,12.596
2.343,12.604
2.343,12.612
2.344,12.620
2.344,12.628
2.345,12.636
2.345,12.644
2.346,12.652
2.346,12.660
2.347,12.668
2.347,12.676
2.348,12.684
2.348,12.693
2.349,12.701
2.349,12.709
2.350,12.717
2.350,12.725
2.351,12.733
2.351,12.741
2.352,12.749
2.352,12.757
2.353,12.765
2.353,12.773
2.354,12.781
2.354,12.789
2.355,12.798
2.355,12.806
2.356,12.814
2.356,12.822
2.357,12.830
2.357,12.838
2.358,12.846
2.358,12.854
2.359,12.862
2.359,12.871
2.360,12.879
2.360,12.887
2.361,12.895
2.361,12.903
2.362,12.911
2.362,12.920
2.363,12.928
2.363,12.936
2.364,12.944
2.364,12.952
2.365,12.960
2.365,12.969
2.366,12.977
2.366,12.985
2.367,12.993
2.367,13.001
2.368,13.010
2.368,13.018
2.369,13.026
2.369,13.034
2.370,13.043
2.370,13.051
2.371,13.059
2.371,13.067
2.372,13.076
2.372,13.084
2.373,13.092
2.373,13.100
2.374,13.109
2.374,13.117
2.375,13.125
2.375,13.134
2.376,13.142
2.376,13.150
2.377,13.158
2.377,13.167
2.378,13.175
2.378,13.183
2.379,13.192
2.379,13.200
2.380,13.208
2.380,13.217
2.381,13.225
2.381,13.233
2.382,13.242
2.382,13.250
2.383,13.259
2.383,13.267
2.384,13.275
2.384,13.284
2.385,13.292
2.385,13.301
2.386,13.309
2.386,13.317
2.387,13.326
2.387,13.334
2.388,13.343
2.388,13.351
2.389,13.359
2.389,13.368
2.390,13.376
2.390,13.385
2.391,13.393
2.391,13.402
2.392,13.410
2.392,13.419
2.393,13.427
2.393,13.436
2.394,13.444
2.394,13.453
2.395,13.461
2.395,13.470
2.396,13.478
2.396,13.487
2.397,13.495
2.397,13.504
2.398,13.512
2.398,13.521
2.399,13.529
2.399,13.538
2.400,13.547
2.400,13.555
2.401,13.564
2.401,13.572
2.402,13.581
2.402,13.589
2.403,13.598
2.403,13.607
2.404,13.615
2.404,13.624
2.405,13.633
2.405,13.641
2.406,13.650
2.406,13.659
2.407,13.667
2.407,13.676
2.408,13.684
2.408,13.693
2.409,13.702
2.409,13.711
2.410,13.719
2.410,13.728
2.411,13.737
2.411,13.745
2.412,13.754
2.412,13.763
2.413,13.772
2.413,13.780
2.414,13.789
2.414,13.798
2.415,13.806
2.415,13.815
2.416,13.824
2.416,13.833
2.417,13.842
2.417,13.850
2.418,13.859
2.418,13.868
2.419,13.877
2.419,13.886
2.420,13.894
2.420,13.903
2.421,13.912
2.421,13.921
2.422,13.930
2.422,13.939
2.423,13.948
2.423,13.956
2.424,13.965
2.424,13.974
2.425,13.983
2.425,13.992
2.426,14.001
2.426,14.010
2.427,14.019
2.427,14.028
2.428,14.037
2.428,14.046
2.429,14.055
2.429,14.063
2.430,14.072
2.430,14.081
2.431,14.090
2.431,14.099
2.432,14.108
2.432,14.117
2.433,14.126
2.433,14.135
2.434,14.144
2.434,14.153
2.435,14.163
2.435,14.172
2.436,14.181
2.436,14.190
2.437,14.199
2.437,14.208
2.438,14.217
2.438,14.226
2.439,14.235
2.439,14.244
2.440,14.253
2.440,14.262
2.441,14.272
2.441,14.281
2.442,14.290
2.442,14.299
2.443,14.308
2.443,14.317
2.444,14.327
2.444,14.336
2.445,14.345
2.445,14.354
2.446,14.363
2.446,14.373
2.447,14.382
2.447,14.391
2.448,14.400
2.448,14.410
2.449,14.419
2.449,14.428
2.450,14.437
2.450,14.447
2.451,14.456
2.451,14.465
2.452,14.475
2.452,14.484
2.453,14.493
2.453,14.502
2.454,14.512
2.454,14.521
2.455,14.531
2.455,14.540
2.456,14.549
2.456,14.559
2.457,14.568
2.457,14.577
2.458,14.587
2.458,14.596
2.459,14.606
2.459,14.615
2.460,14.625
2.460,14.634
2.461,14.644
2.461,14.653
2.462,14.662
2.462,14.672
2.463,14.681
2.463,14.691
2.464,14.700
2.464,14.710
2.465,14.719
2.465,14.729
2.466,14.739
2.466,14.748
2.467,14.758
2.467,14.767
2.468,14.777
2.468,14.786
2.469,14.796
2.469,14.806
2.470,14.815
2.470,14.825
2.471,14.835
2.471,14.844
2.472,14.854
2.472,14.863
2.473,14.873
2.473,14.883
2.474,14.893
2.474,14.902
2.475,14.912
2.475,14.922
2.476,14.931
2.476,14.941
2.477,14.951
2.477,14.961
2.478,14.970
2.478,14.980
2.479,14.990
2.479,15.000
2.480,15.010
2.480,15.019
2.481,15.029
2.481,15.039
2.482,15.049
2.482,15.059
2.483,15.069
2.483,15.078
2.484,15.088
2.484,15.098
2.485,15.108
2.485,15.118
2.486,15.128
2.486,15.138
2.487,15.148
2.487,15.158
2.488,15.168
2.488,15.178
2.489,15.188
2.489,15.198
2.490,15.208
2.490,15.218
2.491,15.228
2.491,15.238
2.492,15.248
2.492,15.258
2.493,15.268
2.494,15.278
2.494,15.288
2.495,15.298
2.495,15.308
2.496,15.318
2.496,15.328
2.497,15.338
2.497,15.348
2.498,15.359
2.498,15.369
2.499,15.379
2.499,15.389
2.500,15.399
2.500,15.409
2.501,15.420
2.501,15.430
2.502,15.440
2.502,15.450
2.503,15.461
2.503,15.471
2.504,15.481
2.504,15.491
2.505,15.502
2.505,15.512
2.506,15.522
2.506,15.533
2.507,15.543
2.507,15.553
2.508,15.564
2.508,15.574
2.509,15.584
2.509,15.595
2.510,15.605
2.510,15.616
2.511,15.626
2.511,15.636
2.512,15.647
2.512,15.657
2.513,15.668
2.513,15.678
2.514,15.689
2.514,15.699
2.515,15.710
2.515,15.720
2.516,15.731
2.516,15.741
2.517,15.752
2.517,15.762
2.518,15.773
2.518,15.784
2.519,15.794
2.519,15.805
2.520,15.815
2.520,15.826
2.521,15.837
2.521,15.847
2.522,15.858
2.522,15.869
2.523,15.879
2.523,15.890
2.524,15.901
2.524,15.911
2.525,15.922
2.525,15.933
2.526,15.944
2.526,15.954
2.527,15.965
2.527,15.976
2.528,15.987
2.528,15.998
2.529,16.008
2.529,16.019
2.530,16.030
2.530,16.041
2.531,16.052
2.531,16.063
2.532,16.074
2.532,16.084
2.533,16.095
2.533,16.106
2.534,16.117
2.534,16.128
2.535,16.139
2.535,16.150
2.536,16.161
2.536,16.172
2.537,16.183
2.537,16.194
2.538,16.205
2.538,16.216
2.539,16.227
2.539,16.238
2.540,16.250
2.540,16.261
2.541,16.272
2.541,16.283
2.542,16.294
2.542,16.305
2.543,16.316
2.543,16.327
2.544,16.339
2.544,16.350
2.545,16.361
2.545,16.372
2.546,16.384
2.546,16.395
2.547,16.406
2.547,16.417
2.548,16.429
2.548,16.440
2.549,16.451
2.549,16.463
2.550,16.474
2.550,16.485
2.551,16.497
2.551,16.508
2.552,16.519
2.552,16.531
2.553,16.542
2.553,16.554
2.554,16.565
2.554,16.577
2.555,16.588
2.555,16.600
2.556,16.611
2.556,16.623
2.557,16.634
2.557,16.646
2.558,16.657
2.558,16.669
2.559,16.680
2.559,16.692
2.560,16.703
2.560,16.715
2.561,16.727
2.561,16.738
2.562,16.750
2.562,16.762
2.563,16.773
2.563,16.785
2.564,16.797
2.564,16.809
2.565,16.820
2.565,16.832
2.566,16.844
2.566,16.856
2.567,16.867
2.567,16.879
2.568,16.891
2.568,16.903
2.569,16.915
2.569,16.927
2.570,16.938
2.570,16.950
2.571,16.962
2.571,16.974
2.572,16.986
2.572,16.998
2.573,17.010
2.573,17.022
2.574,17.034
2.574,17.046
2.575,17.058
2.575,17.070
2.576,17.082
2.576,17.094
2.577,17.106
2.577,17.118
2.578,17.130
2.578,17.142
2.579,17.155
2.579,17.167
2.580,17.179
2.580,17.191
2.581,17.203
2.581,17.215
2.582,17.228
2.582,17.240
2.583,17.252
2.583,17.264
2.584,17.277
2.584,17.289
2.585,17.301
2.585,17.314
2.586,17.326
2.586,17.338
2.587,17.351
2.587,17.363
2.588,17.375
2.588,17.388
2.589,17.400
2.589,17.413
2.590,17.425
2.590,17.438
2.591,17.450
2.591,17.463
2.592,17.475
2.592,17.488
2.593,17.500
2.593,17.513
2.594,17.525
2.594,17.538
2.595,17.551
2.595,17.563
2.596,17.576
2.596,17.589
2.597,17.601
2.597,17.614
2.598,17.627
2.598,17.639
2.599,17.652
2.599,17.665
2.600,17.678
2.600,17.690
2.601,17.703
2.601,17.716
2.602,17.729
2.602,17.742
2.603,17.754
2.603,17.767
2.604,17.780
2.604,17.793
2.605,17.806
2.605,17.819
2.606,17.832
2.606,17.845
2.607,17.858
2.607,17.871
2.608,17.884
2.608,17.897
2.609,17.910
2.609,17.923
2.610,17.936
2.610,17.949
2.611,17.962
2.611,17.975
2.612,17.989
2.612,18.002
2.613,18.015
2.613,18.028
2.614,18.041
2.614,18.055
2.615,18.068
2.615,18.081
2.616,18.094
2.616,18.108
2.617,18.121
2.617,18.134
2.618,18.148
2.618,18.161
2.619,18.174
2.619,18.188
2.620,18.201
2.620,18.215
2.621,18.228
2.621,18.241
2.622,18.255
2.622,18.268
2.623,18.282
2.623,18.296
2.624,18.309
2.624,18.323
2.625,18.336
2.625,18.350
2.626,18.363
2.626,18.377
2.627,18.391
2.627,18.404
2.628,18.418
2.628,18.432
2.629,18.445
2.629,18.459
2.630,18.473
2.630,18.487
2.631,18.500
2.631,18.514
2.632,18.528
2.632,18.542
2.633,18.556
2.633,18.570
2.634,18.584
2.634,18.597
2.635,18.611
2.635,18.625
2.636,18.639
2.636,18.653
2.637,18.667
2.637,18.681
2.638,18.695
2.638,18.709
2.639,18.723
2.639,18.738
2.640,18.752
2.640,18.766
2.641,18.780
2.641,18.794
2.642,18.808
2.642,18.822
2.643,18.837
2.643,18.851
2.644,18.865
2.644,18.879
2.645,18.894
2.645,18.908
2.646,18.922
2.646,18.937
2.647,18.951
2.647,18.965
2.648,18.980
2.648,18.994
2.649,19.009
2.649,19.023
2.650,19.038
2.650,19.052
2.651,19.067
2.651,19.081
2.652,19.096
2.652,19.110
2.653,19.125
2.653,19.139
2.654,19.154
2.654,19.169
2.655,19.183
2.655,19.198
2.656,19.213
2.656,19.227
2.657,19.242
2.657,19.257
2.658,19.273
2.658,19.288
2.659,19.303
2.659,19.318
2.660,19.333
2.660,19.348
2.661,19.363
2.661,19.378
2.662,19.393
2.662,19.409
2.663,19.424
2.663,19.439
2.664,19.454
2.664,19.469
2.665,19.484
2.665,19.500
2.666,19.515
2.666,19.530
2.667,19.545
2.667,19.560
2.668,19.576
2.668,19.591
2.669,19.606
2.669,19.621
2.670,19.636
2.670,19.652
2.671,19.667
2.671,19.682
2.672,19.698
2.672,19.713
2.673,19.728
2.673,19.744
2.674,19.759
2.674,19.775
2.675,19.791
2.675,19.807
2.676,19.822
2.676,19.838
2.677,19.854
2.677,19.870
2.678,19.885
2.678,19.901
2.679,19.917
2.679,19.933
2.680,19.948
2.680,19.964
2.681,19.980
2.681,19.996
2.682,20.011
2.682,20.027
2.683,20.043
2.683,20.059
2.684,20.076
2.684,20.092
2.685,20.108
2.685,20.124
2.686,20.140
2.686,20.156
2.687,20.172
2.687,20.189
2.688,20.205
2.688,20.221
2.689,20.237
2.689,20.253
2.690,20.269
2.690,20.285
2.691,20.301
2.691,20.318
2.692,20.334
2.692,20.351
2.693,20.367
2.693,20.384
2.694,20.401
2.694,20.417
2.695,20.434
2.695,20.450
2.696,20.467
2.696,20.483
2.697,20.500
2.697,20.516
2.698,20.533
2.698,20.550
2.699,20.566
2.699,20.583
2.700,20.599
2.700,20.616
2.701,20.632
2.701,20.649
2.702,20.666
2.702,20.683
2.703,20.700
2.703,20.717
2.704,20.734
2.704,20.751
2.705,20.768
2.705,20.785
2.706,20.802
2.706,20.819
2.707,20.836
2.707,20.853
2.708,20.870
2.708,20.887
2.709,20.904
2.709,20.921
2.710,20.938
2.710,20.956
2.711,20.973
2.711,20.990
2.712,21.007
2.712,21.024
2.713,21.042
2.713,21.059
2.714,21.077
2.714,21.094
2.715,21.111
2.715,21.129
2.716,21.146
2.716,21.164
2.717,21.181
2.717,21.199
2.718,21.216
2.718,21.234
2.719,21.252
2.719,21.269
2.720,21.287
2.720,21.305
2.721,21.322
2.721,21.340
2.722,21.358
2.722,21.376
2.723,21.394
2.723,21.411
2.724,21.429
2.724,21.447
2.725,21.465
2.725,21.483
2.726,21.501
2.726,21.519
2.727,21.537
2.727,21.555
2.728,21.573
2.728,21.591
2.729,21.609
2.729,21.627
2.730,21.645
2.730,21.663
2.731,21.682
2.731,21.700
2.732,21.718
2.732,21.737
2.733,21.755
2.733,21.773
2.734,21.791
2.734,21.810
2.735,21.828
2.735,21.846
2.736,21.865
2.736,21.883
2.737,21.902
2.737,21.921
2.738,21.939
2.738,21.958
2.739,21.977
2.739,21.995
2.740,22.014
2.740,22.032
2.741,22.051
2.741,22.069
2.742,22.088
2.742,22.107
2.743,22.126
2.743,22.145
2.744,22.164
2.744,22.183
2.745,22.202
2.745,22.221
2.746,22.240
2.746,22.259
2.747,22.278
2.747,22.296
2.748,22.315
2.748,22.334
2.749,22.353
2.749,22.373
2.750,22.392
2.750,22.411
2.751,22.431
2.751,22.450
2.752,22.470
2.752,22.489
2.753,22.508
2.753,22.527
2.754,22.547
2.754,22.566
2.755,22.585
2.755,22.605
2.756,22.624
2.756,22.644
2.757,22.664
2.757,22.684
2.758,22.703
2.758,22.723
2.759,22.742
2.759,22.762
2.760,22.781
2.760,22.801
2.761,22.821
2.761,22.840
2.762,22.860
2.762,22.880
2.763,22.900
2.763,22.920
2.764,22.941
2.764,22.961
2.765,22.981
2.765,23.001
2.766,23.021
2.766,23.041
2.767,23.061
2.767,23.080
2.768,23.101
2.768,23.121
2.769,23.141
2.769,23.161
2.770,23.182
2.770,23.202
2.771,23.223
2.771,23.243
2.772,23.264
2.772,23.284
2.773,23.305
2.773,23.325
2.774,23.345
2.774,23.366
2.775,23.386
2.775,23.407
2.776,23.427
2.776,23.448
2.777,23.469
2.777,23.490
2.778,23.511
2.778,23.532
2.779,23.552
2.779,23.573
2.780,23.594
2.780,23.615
2.781,23.636
2.781,23.656
2.782,23.677
2.782,23.698
2.783,23.719
2.783,23.741
2.784,23.762
2.784,23.783
2.785,23.804
2.785,23.826
2.786,23.847
2.786,23.868
2.787,23.889
2.787,23.910
2.788,23.931
2.788,23.953
2.789,23.974
2.789,23.995
2.790,24.017
2.790,24.038
2.791,24.060
2.791,24.082
2.792,24.103
2.792,24.125
2.793,24.147
2.793,24.169
2.794,24.191
2.794,24.212
2.795,24.234
2.795,24.256
2.796,24.278
2.796,24.299
2.797,24.321
2.797,24.343
2.798,24.365
2.798,24.387
2.799,24.409
2.799,24.431
2.800,24.453
2.800,24.476
2.801,24.498
2.801,24.520
2.802,24.542
2.802,24.564
2.803,24.587
2.803,24.609
2.804,24.631
2.804,24.653
2.805,24.676
2.805,24.698
2.806,24.721
2.806,24.743
2.807,24.766
2.807,24.788
2.808,24.811
2.808,24.834
2.809,24.856
2.809,24.879
2.810,24.902
2.810,24.925
2.811,24.947
2.811,24.970
2.812,24.993
2.812,25.016
2.813,25.039
2.813,25.062
2.814,25.085
2.814,25.108
2.815,25.131
2.815,25.154
2.816,25.177
2.816,25.201
2.817,25.224
2.817,25.247
2.818,25.270
2.818,25.294
2.819,25.317
2.819,25.340
2.820,25.364
2.820,25.387
2.821,25.410
2.821,25.434
2.822,25.457
2.822,25.481
2.823,25.504
2.823,25.528
2.824,25.551
2.824,25.575
2.825,25.599
2.825,25.622
2.826,25.646
2.826,25.669
2.827,25.693
2.827,25.717
2.828,25.741
2.828,25.764
2.829,25.788
2.829,25.812
2.830,25.836
2.830,25.860
2.831,25.883
2.831,25.907
2.832,25.931
2.832,25.955
2.833,25.979
2.833,26.003
2.834,26.027
2.834,26.051
2.835,26.075
2.835,26.099
2.836,26.123
2.836,26.147
2.837,26.171
2.837,26.195
2.838,26.219
2.838,26.244
2.839,26.268
2.839,26.292
2.840,26.316
2.840,26.340
2.841,26.364
2.841,26.389
2.842,26.413
2.842,26.437
2.843,26.462
2.843,26.486
2.844,26.510
2.844,26.535
2.845,26.559
2.845,26.583
2.846,26.608
2.846,26.632
2.847,26.657
2.847,26.681
2.848,26.705
2.848,26.730
2.849,26.754
2.849,26.779
2.850,26.803
2.850,26.828
2.851,26.853
2.851,26.877
2.852,26.902
2.852,26.926
2.853,26.951
2.853,26.976
2.854,27.000
2.854,27.025
2.855,27.049
2.855,27.074
2.856,27.099
2.856,27.124
2.857,27.148
2.857,27.173
2.858,27.198
2.858,27.223
2.859,27.247
2.859,27.272
2.860,27.297
2.860,27.322
2.861,27.347
2.861,27.371
2.862,27.396
2.862,27.421
2.863,27.446
2.863,27.471
2.864,27.496
2.864,27.521
2.865,27.546
2.865,27.570
2.866,27.595
2.866,27.620
2.867,27.645
2.867,27.670
2.868,27.695
2.868,27.720
2.869,27.745
2.869,27.770
2.870,27.795
2.870,27.820
2.871,27.845
2.871,27.870
2.872,27.895
2.872,27.920
2.873,27.945
2.873,27.971
2.874,27.996
2.874,28.021
2.875,28.046
2.875,28.071
2.876,28.096
2.876,28.121
2.877,28.146
2.877,28.171
2.878,28.196
2.878,28.222
2.879,28.247
2.879,28.272
2.880,28.297
2.880,28.322
2.881,28.347
2.881,28.372
2.882,28.398
2.882,28.423
2.883,28.448
2.883,28.473
2.884,28.498
2.884,28.524
2.885,28.549
2.885,28.574
2.886,28.599
2.886,28.624
2.887,28.649
2.887,28.675
2.888,28.700
2.888,28.725
2.889,28.750
2.889,28.775
2.890,28.801
2.890,28.826
2.891,28.851
2.891,28.876
2.892,28.901
2.892,28.927
2.893,28.952
2.893,28.977
2.894,29.002
2.894,29.027
2.895,29.053
2.895,29.078
2.896,29.103
2.896,29.128
2.897,29.153
2.897,29.178
2.898,29.204
2.898,29.229
2.899,29.254
2.899,29.279
2.900,29.304
2.900,29.329
2.901,29.355
2.901,29.380
2.902,29.405
2.902,29.430
2.903,29.455
2.903,29.480
2.904,29.505
2.904,29.530
2.905,29.555
2.905,29.581
2.906,29.606
2.906,29.631
2.907,29.656
2.907,29.681
2.908,29.706
2.908,29.731
2.909,29.756
2.909,29.781
2.910,29.806
2.910,29.831
2.911,29.856
2.911,29.881
2.912,29.906
2.912,29.931
2.913,29.956
2.913,29.981
2.914,30.006
2.914,30.030
2.915,30.055
2.915,30.080
2.916,30.105
2.916,30.130
2.917,30.155
2.917,30.180
2.918,30.204
2.918,30.229
2.919,30.254
2.919,30.279
2.920,30.303
2.920,30.328
2.921,30.353
2.921,30.377
2.922,30.402
2.922,30.427
2.923,30.451
2.923,30.476
2.924,30.501
2.924,30.525
2.925,30.550
2.925,30.574
2.926,30.599
2.926,30.623
2.927,30.648
2.927,30.672
2.928,30.697
2.928,30.721
2.929,30.746
2.929,30.770
2.930,30.794
2.930,30.819
2.931,30.843
2.931,30.867
2.932,30.891
2.932,30.916
2.933,30.940
2.933,30.964
2.934,30.988
2.934,31.012
2.935,31.036
2.935,31.061
2.936,31.085
2.936,31.109
2.937,31.133
2.937,31.157
2.938,31.181
2.938,31.204
2.939,31.228
2.939,31.252
2.940,31.276
2.940,31.300
2.941,31.324
2.941,31.347
2.942,31.371
2.942,31.395
2.943,31.418
2.943,31.442
2.944,31.466
2.944,31.489
2.945,31.513
2.945,31.536
2.946,31.560
2.946,31.583
2.947,31.606
2.947,31.630
2.948,31.653
2.948,31.676
2.949,31.700
2.949,31.723
2.950,31.746
2.950,31.769
2.951,31.792
2.951,31.815
2.952,31.838
2.952,31.861
2.953,31.884
2.953,31.907
2.954,31.930
2.954,31.953
2.955,31.976
2.955,31.998
2.956,32.021
2.956,32.044
2.957,32.066
2.957,32.089
2.958,32.111
2.958,32.134
2.959,32.156
2.959,32.179
2.960,32.201
2.960,32.223
2.961,32.246
2.961,32.268
2.962,32.290
2.962,32.312
2.963,32.334
2.963,32.356
2.964,32.378
2.964,32.400
2.965,32.422
2.965,32.444
2.966,32.466
2.966,32.488
2.967,32.509
2.967,32.531
2.968,32.552
2.968,32.574
2.969,32.595
2.969,32.617
2.970,32.638
2.970,32.660
2.971,32.681
2.971,32.702
2.972,32.723
2.972,32.744
2.973,32.765
2.973,32.786
2.974,32.807
2.974,32.828
2.975,32.849
2.975,32.870
2.976,32.891
2.976,32.911
2.977,32.932
2.977,32.952
2.978,32.973
2.978,32.993
2.979,33.014
2.979,33.034
2.980,33.054
2.980,33.074
2.981,33.095
2.981,33.115
2.982,33.135
2.982,33.155
2.983,33.174
2.983,33.194
2.984,33.214
2.984,33.234
2.985,33.253
2.985,33.273
2.986,33.292
2.986,33.312
2.987,33.331
2.987,33.350
2.988,33.369
2.988,33.389
2.989,33.408
2.989,33.427
2.990,33.446
2.990,33.464
2.991,33.483
2.991,33.502
2.992,33.521
2.992,33.539
2.993,33.558
2.993,33.576
2.994,33.594
2.994,33.613
2.995,33.631
2.995,33.649
2.996,33.667
2.996,33.685
2.997,33.703
2.997,33.721
2.998,33.738
2.998,33.756
2.999,33.773
2.999,33.791
3.000,33.808
3.000,33.826
3.001,33.843
3.001,33.860
3.002,33.877
3.002,33.894
3.003,33.911
3.003,33.928
3.004,33.945
3.004,33.961
3.005,33.978
3.005,33.994
3.006,34.011
3.006,34.027
3.007,34.043
3.007,34.059
3.008,34.075
3.008,34.091
3.009,34.107
3.009,34.123
3.010,34.139
3.010,34.154
3.011,34.170
3.011,34.185
3.012,34.200
3.012,34.216
3.013,34.231
3.013,34.246
3.014,34.261
3.014,34.276
3.015,34.290
3.015,34.305
3.016,34.319
3.016,34.334
3.017,34.348
3.017,34.363
3.018,34.377
3.018,34.391
3.019,34.405
3.019,34.419
3.020,34.432
3.020,34.446
3.021,34.459
3.021,34.473
3.022,34.486
3.022,34.499
3.023,34.513
3.023,34.526
3.024,34.538
3.024,34.551
3.025,34.564
3.025,34.577
3.026,34.589
3.026,34.601
3.027,34.614
3.027,34.626
3.028,34.638
3.028,34.650
3.029,34.662
3.029,34.673
3.030,34.685
3.030,34.696
3.031,34.708
3.031,34.719
3.032,34.730
3.032,34.741
3.033,34.752
3.033,34.763
3.034,34.773
3.034,34.784
3.035,34.794
3.035,34.805
3.036,34.815
3.036,34.825
3.037,34.835
3.037,34.845
3.038,34.854
3.038,34.864
3.039,34.873
3.039,34.883
3.040,34.892
3.040,34.901
3.041,34.910
3.041,34.919
3.042,34.927
3.042,34.936
3.043,34.944
3.043,34.952
3.044,34.961
3.044,34.969
3.045,34.977
3.045,34.984
3.046,34.992
3.046,34.999
3.047,35.007
3.047,35.014
3.048,35.021
3.048,35.028
3.049,35.035
3.049,35.042
3.050,35.048
3.050,35.055
3.051,35.061
3.051,35.067
3.052,35.073
3.052,35.079
3.053,35.084
3.053,35.090
3.054,35.095
3.054,35.101
3.055,35.106
3.055,35.111
3.056,35.116
3.056,35.120
3.057,35.125
3.057,35.129
3.058,35.133
3.058,35.137
3.059,35.141
3.059,35.145
3.060,35.149
3.060,35.152
3.061,35.155
3.061,35.159
3.062,35.162
3.062,35.165
3.063,35.167
3.063,35.170
3.064,35.172
3.064,35.174
3.065,35.176
3.065,35.178
3.066,35.180
3.066,35.182
3.067,35.183
3.067,35.184
3.068,35.185
3.068,35.186
3.069,35.187
3.069,35.188
3.070,35.188
3.070,35.188
3.071,35.188
3.071,35.188
3.072,35.188
3.072,35.188
3.073,35.187
3.073,35.186
3.074,35.185
3.074,35.184
3.075,35.183
3.075,35.181
3.076,35.180
3.076,35.178
3.077,35.176
3.077,35.174
3.078,35.171
3.078,35.169
3.079,35.166
3.079,35.163
3.080,35.160
3.080,35.157
3.081,35.154
3.081,35.150
3.082,35.146
3.082,35.142
3.083,35.138
3.083,35.134
3.084,35.129
3.084,35.124
3.085,35.119
3.085,35.114
3.086,35.109
3.086,35.103
3.087,35.098
3.087,35.092
3.088,35.086
3.088,35.079
3.089,35.073
3.089,35.066
3.090,35.059
3.090,35.052
3.091,35.045
3.091,35.038
3.092,35.030
3.092,35.022
3.093,35.014
3.093,35.006
3.094,34.997
3.094,34.988
3.095,34.980
3.095,34.970
3.096,34.961
3.096,34.952
3.097,34.942
3.097,34.932
3.098,34.922
3.098,34.911
3.099,34.901
3.099,34.890
3.100,34.879
3.100,34.868
3.101,34.857
3.101,34.845
3.102,34.833
3.102,34.821
3.103,34.809
3.103,34.796
3.104,34.783
3.104,34.771
3.105,34.757
3.105,34.744
3.106,34.730
3.106,34.717
3.107,34.702
3.107,34.688
3.108,34.674
3.108,34.659
3.109,34.644
3.109,34.629
3.110,34.613
3.110,34.598
3.111,34.582
3.111,34.566
3.112,34.549
3.112,34.533
3.113,34.516
3.113,34.499
3.114,34.482
3.114,34.464
3.115,34.446
3.115,34.428
3.116,34.410
3.116,34.392
3.117,34.373
3.117,34.354
3.118,34.335
3.118,34.315
3.119,34.296
3.119,34.276
3.120,34.256
3.120,34.235
3.121,34.214
3.121,34.194
3.122,34.172
3.122,34.151
3.123,34.129
3.123,34.107
3.124,34.085
3.124,34.063
3.125,34.040
3.125,34.017
3.126,33.994
3.126,33.971
3.127,33.947
3.127,33.923
3.128,33.899
3.128,33.874
3.129,33.849
3.129,33.824
3.130,33.799
3.130,33.774
3.131,33.748
3.131,33.722
3.132,33.695
3.132,33.669
3.133,33.642
3.133,33.615
3.134,33.587
3.134,33.560
3.135,33.532
3.135,33.504
3.136,33.475
3.136,33.446
3.137,33.417
3.137,33.388
3.138,33.358
3.138,33.329
3.139,33.298
3.139,33.268
3.140,33.237
3.140,33.206
3.141,33.175
3.141,33.144
3.142,33.112
3.142,33.080
3.143,33.047
3.143,33.015
3.144,32.982
3.144,32.948
3.145,32.915
3.145,32.881
3.146,32.847
3.146,32.812
3.147,32.778
3.147,32.743
3.148,32.707
3.148,32.672
3.149,32.636
3.149,32.600
3.150,32.563
3.150,32.526
3.151,32.489
3.151,32.452
3.152,32.414
3.152,32.376
3.153,32.338
3.153,32.300
3.154,32.261
3.154,32.221
3.155,32.182
3.155,32.142
3.156,32.102
3.156,32.062
3.157,32.021
3.157,31.980
3.158,31.938
3.158,31.897
3.159,31.855
3.159,31.812
3.160,31.770
3.160,31.727
3.161,31.684
3.161,31.640
3.162,31.596
3.162,31.552
3.163,31.507
3.163,31.462
3.164,31.417
3.164,31.372
3.165,31.326
3.165,31.280
3.166,31.233
3.166,31.186
3.167,31.139
3.167,31.092
3.168,31.044
3.168,30.996
3.169,30.947
3.169,30.899
3.170,30.849
3.170,30.800
3.171,30.750
3.171,30.700
3.172,30.649
3.172,30.599
3.173,30.547
3.173,30.496
3.174,30.444
3.174,30.392
3.175,30.339
3.175,30.286
3.176,30.233
3.176,30.179
3.177,30.126
3.177,30.071
3.178,30.017
3.178,29.962
3.179,29.906
3.179,29.850
3.180,29.794
3.180,29.738
3.181,29.681
3.181,29.624
3.182,29.567
3.182,29.509
3.183,29.451
3.183,29.392
3.184,29.333
3.184,29.274
3.185,29.214
3.185,29.154
3.186,29.094
3.186,29.033
3.187,28.972
3.187,28.910
3.188,28.848
3.188,28.786
3.189,28.723
3.189,28.660
3.190,28.597
3.190,28.533
3.191,28.469
3.191,28.404
3.192,28.339
3.192,28.274
3.193,28.209
3.193,28.142
3.194,28.076
3.194,28.009
3.195,27.942
3.195,27.874
3.196,27.806
3.196,27.738
3.197,27.669
3.197,27.600
3.198,27.530
3.198,27.460
3.199,27.390
3.199,27.319
3.200,27.248
3.200,27.177
3.201,27.105
3.201,27.032
3.202,26.959
3.202,26.886
3.203,26.813
3.203,26.739
3.204,26.664
3.204,26.589
3.205,26.514
3.205,26.439
3.206,26.362
3.206,26.286
3.207,26.209
3.207,26.132
3.208,26.054
3.208,25.976
3.209,25.897
3.209,25.818
3.210,25.739
3.210,25.659
3.211,25.578
3.211,25.498
3.212,25.416
3.212,25.087
3.213,24.772
3.213,24.471
3.214,24.183
3.214,23.907
3.215,23.642
3.215,23.389
3.216,23.146
3.216,22.912
3.217,22.688
3.217,22.472
3.218,22.264
3.218,22.064
3.219,21.870
3.219,21.684
3.220,21.504
3.220,21.329
3.221,21.160
3.221,20.996
3.222,20.837
3.222,20.683
3.223,20.533
3.223,20.386
3.224,20.243
3.224,20.104
3.225,19.967
3.225,19.833
3.226,19.702
3.226,19.574
3.227,19.447
3.227,19.323
3.228,19.200
3.228,19.079
3.229,18.959
3.229,18.841
3.230,18.723
3.230,18.607
3.231,18.491
3.231,18.376
3.232,18.261
3.232,18.147
3.233,18.033
3.233,17.919
3.234,17.805
3.234,17.691
3.235,17.577
3.235,17.462
3.236,17.347
3.236,17.231
3.237,17.115
3.237,16.998
3.238,16.623
3.238,16.031
3.239,15.469
3.239,14.935
3.240,14.427
3.240,13.944
3.241,13.484
3.241,13.045
3.242,12.626
3.242,12.225
3.243,11.840
3.243,11.472
3.244,11.118
3.244,10.777
3.245,10.448
3.245,10.131
3.246,9.825
3.246,9.527
3.247,8.986
3.247,8.239
3.248,7.320
3.248,6.454
3.249,5.636
3.249,4.863
3.250,4.226
3.250,3.835
3.251,3.822
3.251,4.118
3.252,4.668
3.252,5.255
3.253,5.627
3.253,5.670
3.254,5.426
3.254,5.045
3.255,4.711
3.255,4.554
3.256,4.610
3.256,4.817
3.257,5.061
3.257,5.233
3.258,5.275
3.258,5.193
3.259,5.043
3.259,4.899
3.260,4.820
3.260,4.828
3.261,4.904
3.261,5.004
3.262,5.082
3.262,5.110
3.263,5.084
3.263,5.026
3.264,4.964
3.264,4.927
3.265,4.924
3.265,4.951
3.266,4.991
3.266,5.026
3.267,5.041
3.267,5.034
3.268,5.012
3.268,4.986
3.269,4.969
3.269,4.965
3.270,4.974
3.270,4.990
3.271,5.005
3.271,5.013
3.272,5.011
3.272,5.003
3.273,4.993
3.273,4.985
3.274,4.982
3.274,4.985
3.275,4.991
3.275,4.998
3.276,5.001
3.276,5.002
3.277,4.999
3.277,4.994
3.278,4.991
3.278,4.989
3.279,4.990
3.279,4.993
3.280,4.995
3.280,4.997
3.281,4.997
3.281,4.996
3.282,4.995
3.282,4.993
3.283,4.992
3.283,4.992
3.284,4.993
3.284,4.994
3.285,4.995
3.285,4.996
3.286,4.995
3.286,4.995
3.287,4.994
3.287,4.993
3.288,4.994
3.288,4.994
3.289,4.994
3.289,4.995
3.290,4.995
3.290,4.995
3.291,4.994
3.291,4.994
3.292,4.994
3.292,4.994
3.293,4.994
3.293,4.994
3.294,4.994
3.294,4.994
3.295,4.994
3.295,4.994
3.296,4.994
3.296,4.994
3.297,4.994
3.297,4.994
3.298,4.994
3.298,4.994
3.299,4.994
3.299,4.994
3.300,4.994
3.300,4.994
3.301,4.994
3.301,4.994
3.302,4.994
3.302,4.994
3.303,4.994
3.303,4.994
3.304,4.994
3.304,4.994
3.305,4.994
3.305,4.994
3.306,4.994
3.306,4.994
3.307,4.994
3.307,4.994
3.308,4.994
3.308,4.994
3.309,4.994
3.309,4.994
3.310,4.994
3.310,4.994
3.311,4.994
3.311,4.994
3.312,4.994
3.312,4.994
3.313,4.994
3.313,4.994
3.314,4.994
3.314,4.994
3.315,4.994
3.315,4.994
3.316,4.994
3.316,4.994
3.317,4.994
3.317,4.994
3.318,4.994
3.318,4.994
3.319,4.994
3.319,4.994
3.320,4.994
3.320,4.994
3.321,4.994
3.321,4.994
3.322,4.994
3.322,4.994
3.323,4.994
3.323,4.994
3.324,4.994
3.324,4.994
3.325,4.994
3.325,4.994
3.326,4.994
3.326,4.994
3.327,4.994
3.327,4.994
3.328,4.994
3.328,4.994
3.329,4.994
3.329,4.994
3.330,4.994
3.330,4.994
3.331,4.994
3.331,4.994
3.332,4.994
3.332,4.994
3.333,4.994
3.333,4.994
3.334,4.994
3.334,4.994
3.335,4.994
3.335,4.994
3.336,4.994
3.336,4.994
3.337,4.994
3.337,4.994
3.338,4.994
3.338,4.994
3.339,4.994
3.339,4.994
3.340,4.994
3.340,4.994
3.341,4.994
3.341,4.994
3.342,4.994
3.342,4.994
3.343,4.994
3.343,4.994
3.344,4.994
3.344,4.994
3.345,4.994
3.345,4.994
3.346,4.994
3.346,4.994
3.347,4.994
3.347,4.994
3.348,4.994
3.348,4.994
3.349,4.994
3.349,4.994
3.350,4.994
3.350,4.994
3.351,4.994
3.351,4.994
3.352,4.994
3.352,4.994
3.353,4.994
3.353,4.994
3.354,4.994
3.354,4.994
3.355,4.994
3.355,4.994
3.356,4.994
3.356,4.994
3.357,4.994
3.357,4.994
3.358,4.994
3.358,4.994
3.359,4.994
3.359,4.994
3.360,4.994
3.360,4.994
3.361,4.994
3.361,4.994
3.362,4.994
3.362,4.994
3.363,4.994
3.363,4.994
3.364,4.994
3.364,4.994
3.365,4.994
3.365,4.994
3.366,4.994
3.366,4.994
3.367,4.994
3.367,4.994
3.368,4.994
3.368,4.994
3.369,4.994
3.369,4.994
3.370,4.994
3.370,4.994
3.371,4.994
3.371,4.994
3.372,4.994
3.372,4.994
3.373,4.994
3.373,4.994
3.374,4.994
3.374,4.994
3.375,4.994
3.375,4.994
3.376,4.994
3.376,4.994
3.377,4.994
3.377,4.994
3.378,4.994
3.378,4.994
3.379,4.994
3.379,4.994
3.380,4.994
3.380,4.994
3.381,4.994
3.381,4.994
3.382,4.994
3.382,4.994
3.383,4.994
3.383,4.994
3.384,4.994
3.384,4.994
3.385,4.994
3.385,4.994
3.386,4.994
3.386,4.994
3.387,4.994
3.387,4.994
3.388,4.994
3.388,4.994
3.389,4.994
3.389,4.994
3.390,4.994
3.390,4.994
3.391,4.994
3.391,4.994
3.392,4.994
3.392,4.994
3.393,4.994
3.393,4.994
3.394,4.994
3.394,4.994
3.395,4.994
3.395,4.994
3.396,4.994
3.396,4.994
3.397,4.994
3.397,4.994
3.398,4.994
3.398,4.994
3.399,4.994
3.399,4.994
3.400,4.994
3.400,4.994
3.401,4.994
3.401,4.994
3.402,4.994
3.402,4.994
3.403,4.994
3.403,4.994
3.404,4.994
3.404,4.994
3.405,4.994
3.405,4.994
3.406,4.994
3.406,4.994
3.407,4.994
3.407,4.994
3.408,4.994
3.408,4.994
3.409,4.994
3.409,4.994
3.410,4.994
3.410,4.994
3.411,4.994
3.411,4.863
3.412,4.672
3.412,4.501
3.413,4.409
3.413,4.419
3.414,4.520
3.414,4.673
3.415,4.827
3.415,4.936
3.416,4.977
3.416,4.948
3.417,4.872
3.417,4.783
3.418,4.718
3.418,4.700
3.419,4.736
3.419,4.814
3.420,4.908
3.420,4.989
3.421,5.034
3.421,5.033
3.422,4.993
3.422,4.932
3.423,4.875
3.423,4.844
3.424,4.849
3.424,4.889
3.425,4.951
3.425,5.014
3.426,5.053
3.426,5.057
3.427,5.030
3.427,4.989
3.428,4.953
3.428,4.937
3.429,4.944
3.429,4.966
3.430,4.992
3.430,5.011
3.431,5.015
3.431,5.006
3.432,4.989
3.432,4.974
3.433,4.966
3.433,4.967
3.434,4.975
3.434,4.986
3.435,4.994
3.435,4.997
3.436,4.994
3.436,4.988
3.437,4.981
3.437,4.977
3.438,4.977
3.438,4.980
3.439,4.984
3.439,4.988
3.440,4.990
3.440,4.989
3.441,4.986
3.441,4.984
3.442,4.982
3.442,4.982
3.443,4.983
3.443,4.984
3.444,4.986
3.444,4.987
3.445,4.987
3.445,4.986
3.446,4.984
3.446,4.984
3.447,4.983
3.447,4.984
3.448,4.984
3.448,4.985
3.449,4.985
3.449,4.985
3.450,4.985
3.450,4.985
3.451,4.984
3.451,4.984
3.452,4.984
3.452,4.985
3.453,4.985
3.453,4.985
3.454,4.985
3.454,4.985
3.455,4.981
3.455,4.973
3.456,4.959
3.456,4.939
3.457,4.912
3.457,4.879
3.458,4.838
3.458,4.790
3.459,4.735
3.459,4.673
3.460,4.604
3.460,4.529
3.461,4.447
3.461,4.361
3.462,4.280
3.462,4.213
3.463,4.163
3.463,4.132
3.464,4.123
3.464,4.136
3.465,4.173
3.465,4.236
3.466,4.324
3.466,4.435
3.467,4.561
3.467,4.694
3.468,4.825
3.468,4.946
3.469,5.049
3.469,5.133
3.470,5.193
3.470,5.226
3.471,5.231
3.471,5.209
3.472,5.163
3.472,5.096
3.473,5.014
3.473,4.934
3.474,4.862
3.474,4.802
3.475,4.757
3.475,4.729
3.476,4.720
3.476,4.709
3.477,4.698
3.477,4.685
3.478,4.671
3.478,4.656
3.479,4.641
3.479,4.625
3.480,4.609
3.480,4.592
3.481,4.575
3.481,4.558
3.482,4.540
3.482,4.523
3.483,4.506
3.483,4.489
3.484,4.472
3.484,4.455
3.485,4.439
3.485,4.423
3.486,4.407
3.486,4.392
3.487,4.377
3.487,4.362
3.488,4.348
3.488,4.334
3.489,4.321
3.489,4.308
3.490,4.296
3.490,4.284
3.491,4.273
3.491,4.263
3.492,4.253
3.492,4.243
3.493,4.234
3.493,4.225
3.494,4.217
3.494,4.209
3.495,4.202
3.495,4.196
3.496,4.189
3.496,4.184
3.497,4.178
3.497,4.173
3.498,4.169
3.498,4.165
3.499,4.161
3.499,4.158
3.500,4.155
3.500,4.153
3.501,4.151
3.501,4.150
3.502,4.150
3.502,4.151
3.503,4.154
3.503,4.158
3.504,4.163
3.504,4.170
3.505,4.178
3.505,4.189
3.506,4.201
3.506,4.216
3.507,4.232
3.507,4.251
3.508,4.272
3.508,4.295
3.509,4.321
3.509,4.349
3.510,4.379
3.510,4.412
3.511,4.446
3.511,4.484
3.512,4.523
3.512,4.565
3.513,4.608
3.513,4.654
3.514,4.702
3.514,4.751
3.515,4.803
3.515,4.856
3.516,4.910
3.516,4.966
3.517,5.023
3.517,5.070
3.518,5.105
3.518,5.127
3.519,5.137
3.519,5.088
3.520,5.011
3.520,4.943
3.521,4.905
3.521,4.905
3.522,4.937
3.522,4.988
3.523,5.035
3.523,5.059
3.524,5.054
3.524,5.027
3.525,4.994
3.525,4.969
3.526,4.962
3.526,4.971
3.527,4.991
3.527,5.011
3.528,5.023
3.528,5.023
3.529,5.014
3.529,5.000
3.530,4.989
3.530,4.984
3.531,4.987
3.531,4.995
3.532,5.003
3.532,5.009
3.533,5.010
3.533,5.006
3.534,5.001
3.534,4.996
3.535,4.994
3.535,4.994
3.536,4.997
3.536,5.001
3.537,5.003
3.537,5.004
3.538,5.003
3.538,5.001
3.539,4.999
3.539,4.998
3.540,4.998
3.540,4.999
3.541,5.000
3.541,5.001
3.542,5.002
3.542,5.001
3.543,5.001
3.543,5.000
3.544,4.999
3.544,4.999
3.545,4.999
3.545,5.000
3.546,5.000
3.546,5.001
3.547,5.001
3.547,5.000
3.548,5.000
3.548,5.000
3.549,5.000
3.549,5.000
3.550,5.000
3.550,5.000
3.551,5.000
3.551,5.000
3.552,5.000
3.552,5.000
3.553,5.000
3.553,5.000
3.554,5.000
3.554,5.000
3.555,5.000
3.555,5.000
3.556,5.000
3.556,5.000
3.557,5.000
3.557,5.000
3.558,5.000
3.558,5.000
3.559,5.000
3.559,5.000
3.560,5.000
3.560,5.000
3.561,5.000
3.561,5.000
3.562,5.000
3.562,5.000
3.563,5.000
3.563,5.000
3.564,5.000
3.564,5.000
3.565,5.000
3.565,5.000
3.566,5.000
3.566,5.000
3.567,5.000
3.567,5.000
3.568,5.000
3.568,5.000
3.569,5.000
3.569,5.000
3.570,5.000
3.570,5.000
3.571,5.000
3.571,5.000
3.572,5.000
3.572,5.000
3.573,5.000
3.573,5.000
3.574,5.000
3.574,5.000
3.575,5.000
3.575,5.000
3.576,5.000
3.576,5.000
3.577,5.000
3.577,5.000
3.578,5.000
3.578,5.000
3.579,5.000
3.579,5.000
3.580,5.000
3.580,5.000
3.581,5.000
3.581,5.000
3.582,5.000
3.582,5.000
3.583,5.000
3.583,5.000
3.584,5.000
3.584,5.000
3.585,5.000
3.585,5.000
3.586,5.000
3.586,5.000
3.587,5.000
3.587,5.000
3.588,5.000
3.588,5.000
3.589,5.000
3.589,5.000
3.590,5.000
3.590,5.000
3.591,5.000
3.591,5.000
3.592,5.000
3.592,5.000
3.593,5.000
3.593,5.000
3.594,5.000
3.594,5.000
3.595,5.000
3.595,5.000
3.596,5.000
3.596,5.000
3.597,5.000
3.597,5.000
3.598,5.000
3.598,5.000
3.599,5.000
3.599,5.000
3.600,5.000
3.600,5.000
3.601,5.000
3.601,5.000
3.602,5.000
3.602,5.000
3.603,5.000
3.603,5.000
3.604,5.000
3.604,5.000
3.605,5.000
3.605,5.000
3.606,5.000
3.606,5.000
3.607,5.000
3.607,5.000
3.608,5.000
3.608,5.000
3.609,5.000
3.609,5.000
3.610,5.000
3.610,5.000
3.611,5.000
3.611,5.000
3.612,5.000
3.612,5.000
3.613,5.000
3.613,5.000
3.614,5.000
3.614,5.000
3.615,5.000
3.615,5.000
3.616,5.000
3.616,5.000
3.617,5.000
3.617,5.000
3.618,5.000
3.618,5.000
3.619,5.000
3.619,5.000
3.620,5.000
3.620,5.000
3.621,5.000
3.621,5.000
3.622,5.000
3.622,5.000
3.623,5.000
3.623,5.000
3.624,5.000
3.624,5.000
3.625,5.000
3.625,5.000
3.626,5.000
3.626,5.000
3.627,5.000
3.627,5.000
3.628,5.000
3.628,5.000
3.629,5.000
3.629,5.000
3.630,5.000
3.630,5.000
3.631,5.000
3.631,5.000
3.632,5.000
3.632,5.000
3.633,5.000
3.633,5.000
3.634,5.000
3.634,5.000
3.635,5.000
3.635,5.000
3.636,5.000
3.636,5.000
3.637,5.000
3.637,5.000
3.638,5.000
3.638,5.000
3.639,5.000
3.639,5.000
3.640,5.000
3.640,5.000
3.641,5.000
3.641,5.000
3.642,5.000
3.642,5.000
3.643,5.000
3.643,5.000
3.644,5.000
3.644,5.000
3.645,5.000
3.645,5.000
3.646,5.000
3.646,5.000
3.647,5.000
3.647,5.000
3.648,5.000
3.648,5.000
3.649,5.000
3.649,5.000
3.650,5.000
3.650,5.000
3.651,5.000
3.651,5.000
3.652,5.000
3.652,5.000
3.653,5.000
3.653,5.000
3.654,5.000
3.654,5.000
3.655,5.000
3.655,5.000
3.656,5.001
3.656,5.003
3.657,5.004
3.657,5.006
3.658,5.009
3.658,5.012
3.659,5.015
3.659,5.018
3.660,5.022
3.660,5.026
3.661,5.030
3.661,5.035
3.662,5.040
3.662,5.045
3.663,5.050
3.663,5.054
3.664,5.058
3.664,5.060
3.665,5.061
3.665,5.061
3.666,5.058
3.666,5.056
3.667,5.053
3.667,5.051
3.668,5.048
3.668,5.045
3.669,5.041
3.669,5.038
3.670,5.035
3.670,5.031
3.671,5.028
3.671,5.024
3.672,5.021
3.672,5.018
3.673,5.014
3.673,5.011
3.674,5.007
3.674,5.004
3.675,5.000
3.675,4.997
3.676,4.994
3.676,4.991
3.677,4.987
3.677,4.984
3.678,4.981
3.678,4.978
3.679,4.975
3.679,4.972
3.680,4.970
3.680,4.967
3.681,4.964
3.681,4.962
3.682,4.959
3.682,4.957
3.683,4.954
3.683,4.952
3.684,4.950
3.684,4.948
3.685,4.946
3.685,4.944
3.686,4.942
3.686,4.940
3.687,4.938
3.687,4.937
3.688,4.935
3.688,4.933
3.689,4.932
3.689,4.930
3.690,4.929
3.690,4.928
3.691,4.926
3.691,4.925
3.692,4.924
3.692,4.923
3.693,4.922
3.693,4.921
3.694,4.920
3.694,4.919
3.695,4.918
3.695,4.917
3.696,4.916
3.696,4.915
3.697,4.914
3.697,4.914
3.698,4.913
3.698,4.912
3.699,4.912
3.699,4.911
3.700,4.911
3.700,4.910
3.701,4.910
3.701,4.909
3.702,4.909
3.702,4.908
3.703,4.908
3.703,4.908
3.704,4.907
3.704,4.907
3.705,4.907
3.705,4.906
3.706,4.906
3.706,4.906
3.707,4.906
3.707,4.906
3.708,4.905
3.708,4.905
3.709,4.905
3.709,4.905
3.710,4.905
3.710,4.905
3.711,4.904
3.711,4.904
3.712,4.904
3.712,4.904
3.713,4.904
3.713,4.904
3.714,4.904
3.714,4.904
3.715,4.904
3.715,4.904
3.716,4.904
3.716,4.904
3.717,4.904
3.717,4.904
3.718,4.904
3.718,4.904
3.719,4.904
3.719,4.904
3.720,4.904
3.720,4.904
3.721,4.904
3.721,4.904
3.722,4.904
3.722,4.904
3.723,4.904
3.723,4.904
3.724,4.904
3.724,4.904
3.725,4.904
3.725,4.904
3.726,4.904
3.726,4.904
3.727,4.904
3.727,4.904
3.728,4.904
3.728,4.904
3.729,4.904
3.729,4.904
3.730,4.904
3.730,4.904
3.731,4.904
3.731,4.904
3.732,4.904
3.732,4.904
3.733,4.904
3.733,4.904
3.734,4.904
3.734,4.904
3.735,4.904
3.735,4.904
3.736,4.904
3.736,4.904
3.737,4.904
3.737,4.904
3.738,4.904
3.738,4.904
3.739,4.904
3.739,4.904
3.740,4.904
3.740,4.904
3.741,4.904
3.741,4.904
3.742,4.904
3.742,4.904
3.743,4.904
3.743,4.904
3.744,4.904
3.744,4.904
3.745,4.904
3.745,4.904
3.746,4.904
3.746,4.904
3.747,4.904
3.747,4.904
3.748,4.904
3.748,4.904
3.749,4.903
3.749,4.903
3.750,4.903
3.750,4.903
3.751,4.903
3.751,4.903
3.752,4.903
3.752,4.903
3.753,4.903
3.753,4.903
3.754,4.903
3.754,4.903
3.755,4.903
3.755,4.903
3.756,4.903
3.756,4.903
3.757,4.903
3.757,4.903
3.758,4.903
3.758,4.903
3.759,4.903
3.759,4.903
3.760,4.903
3.760,4.903
3.761,4.902
3.761,4.902
3.762,4.902
3.762,4.902
3.763,4.902
3.763,4.902
3.764,4.902
3.764,4.902
3.765,4.902
3.765,4.902
3.766,4.902
3.766,4.902
3.767,4.902
3.767,4.902
3.768,4.902
3.768,4.902
3.769,4.902
3.769,4.902
3.770,4.901
3.770,4.901
3.771,4.901
3.771,4.901
3.772,4.901
3.772,4.901
3.773,4.901
3.773,4.901
3.774,4.901
3.774,4.901
3.775,4.901
3.775,4.901
3.776,4.901
3.776,4.901
3.777,4.901
3.777,4.901
3.778,4.900
3.778,4.900
3.779,4.900
3.779,4.900
3.780,4.900
3.780,4.900
3.781,4.900
3.781,4.900
3.782,4.900
3.782,4.900
3.783,4.900
3.783,4.900
3.784,4.900
3.784,4.900
3.785,4.900
3.785,4.899
3.786,4.899
3.786,4.899
3.787,4.899
3.787,4.899
3.788,4.899
3.788,4.899
3.789,4.899
3.789,4.899
3.790,4.899
3.790,4.899
3.791,4.899
3.791,4.899
3.792,4.899
3.792,4.899
3.793,4.899
3.793,4.898
3.794,4.898
3.794,4.898
3.795,4.898
3.795,4.898
3.796,4.898
3.796,4.898
3.797,4.898
3.797,4.898
3.798,4.898
3.798,4.898
3.799,4.898
3.799,4.898
3.800,4.898
3.800,4.898
3.801,4.898
3.801,4.897
3.802,4.897
3.802,4.897
3.803,4.897
3.803,4.897
3.804,4.897
3.804,4.897
3.805,4.897
3.805,4.897
3.806,4.897
3.806,4.897
3.807,4.897
3.807,4.897
3.808,4.897
3.808,4.897
3.809,4.897
3.809,4.897
3.810,4.896
3.810,4.896
3.811,4.896
3.811,4.896
3.812,4.896
3.812,4.896
3.813,4.896
3.813,4.896
3.814,4.896
3.814,4.896
3.815,4.896
3.815,4.896
3.816,4.896
3.816,4.896
3.817,4.896
3.817,4.896
3.818,4.896
3.818,4.896
3.819,4.895
3.819,4.895
3.820,4.895
3.820,4.895
3.821,4.895
3.821,4.895
3.822,4.895
3.822,4.895
3.823,4.895
3.823,4.895
3.824,4.895
3.824,4.895
3.825,4.895
3.825,4.895
3.826,4.895
3.826,4.895
3.827,4.895
3.827,4.895
3.828,4.895
3.828,4.894
3.829,4.894
3.829,4.894
3.830,4.894
3.830,4.894
3.831,4.894
3.831,4.894
3.832,4.894
3.832,4.894
3.833,4.894
3.833,4.894
3.834,4.894
3.834,4.894
3.835,4.894
3.835,4.894
3.836,4.894
3.836,4.894
3.837,4.894
3.837,4.894
3.838,4.894
3.838,4.894
3.839,4.894
3.839,4.893
3.840,4.893
3.840,4.893
3.841,4.893
3.841,4.893
3.842,4.893
3.842,4.893
3.843,4.893
3.843,4.893
3.844,4.893
3.844,4.893
3.845,4.893
3.845,4.893
3.846,4.893
3.846,4.893
3.847,4.893
3.847,4.893
3.848,4.893
3.848,4.893
3.849,4.893
3.849,4.893
3.850,4.893
3.850,4.893
3.851,4.893
3.851,4.892
3.852,4.892
3.852,4.892
3.853,4.892
3.853,4.892
3.854,4.892
3.854,4.892
3.855,4.892
3.855,4.892
3.856,4.892
3.856,4.892
3.857,4.892
3.857,4.892
3.858,4.892
3.858,4.892
3.859,4.892
3.859,4.892
3.860,4.892
3.860,4.892
3.861,4.892
3.861,4.892
3.862,4.892
3.862,4.892
3.863,4.892
3.863,4.892
3.864,4.892
3.864,4.892
3.865,4.892
3.865,4.891
3.866,4.891
3.866,4.891
3.867,4.891
3.867,4.891
3.868,4.891
3.868,4.891
3.869,4.891
3.869,4.891
3.870,4.891
3.870,4.891
3.871,4.891
3.871,4.891
3.872,4.891
3.872,4.891
3.873,4.891
3.873,4.891
3.874,4.891
3.874,4.891
3.875,4.891
3.875,4.891
3.876,4.891
3.876,4.891
