0.000,0.000
0.001,0.236
0.001,0.464
0.002,0.683
0.002,0.893
0.003,1.096
0.003,1.290
0.004,1.475
0.004,1.653
0.005,1.824
0.005,1.986
0.006,2.141
0.006,2.289
0.007,2.429
0.007,2.563
0.008,2.689
0.008,2.809
0.009,2.922
0.009,3.029
0.010,3.130
0.010,3.225
0.011,3.313
0.011,3.396
0.012,3.474
0.012,3.545
0.013,3.612
0.013,3.674
0.014,3.730
0.014,3.782
0.015,3.830
0.015,3.872
0.016,3.911
0.016,3.945
0.017,3.976
0.017,4.002
0.018,4.025
0.018,4.044
0.019,4.060
0.019,4.073
0.020,4.082
0.020,4.089
0.021,4.092
0.021,4.093
0.022,4.091
0.022,4.087
0.023,4.080
0.023,4.071
0.024,4.060
0.024,4.047
0.025,4.032
0.025,4.015
0.026,3.997
0.026,3.977
0.027,3.955
0.027,3.932
0.028,3.908
0.028,3.883
0.029,3.856
0.029,3.828
0.030,3.800
0.030,3.770
0.031,3.740
0.031,3.709
0.032,3.677
0.032,3.645
0.033,3.612
0.033,3.579
0.034,3.545
0.034,3.511
0.035,3.477
0.035,3.443
0.036,3.408
0.036,3.373
0.037,3.339
0.037,3.304
0.038,3.269
0.038,3.234
0.039,3.200
0.039,3.165
0.040,3.131
0.040,3.097
0.041,3.063
0.041,3.029
0.042,2.996
0.042,2.963
0.043,2.931
0.043,2.899
0.044,2.867
0.044,2.835
0.045,2.805
0.045,2.774
0.046,2.744
0.046,2.715
0.047,2.686
0.047,2.658
0.048,2.630
0.048,2.602
0.049,2.576
0.049,2.550
0.050,2.524
0.050,2.499
0.051,2.474
0.051,2.451
0.052,2.427
0.052,2.405
0.053,2.383
0.053,2.361
0.054,2.341
0.054,2.320
0.055,2.301
0.055,2.282
0.056,2.263
0.056,2.245
0.057,2.228
0.057,2.212
0.058,2.196
0.058,2.180
0.059,2.165
0.059,2.151
0.060,2.137
0.060,2.124
0.061,2.111
0.061,2.099
0.062,2.088
0.062,2.077
0.063,2.066
0.063,2.056
0.064,2.047
0.064,2.038
0.065,2.029
0.065,2.021
0.066,2.013
0.066,2.006
0.067,2.000
0.067,1.994
0.068,1.988
0.068,1.982
0.069,1.978
0.069,1.973
0.070,1.969
0.070,1.965
0.071,1.962
0.071,1.959
0.072,1.956
0.072,1.954
0.073,1.952
0.073,1.951
0.074,1.949
0.074,1.948
0.075,1.948
0.075,1.947
0.076,1.947
0.076,1.947
0.077,1.948
0.077,1.949
0.078,1.950
0.078,1.951
0.079,1.952
0.079,1.954
0.080,1.956
0.080,1.958
0.081,1.960
0.081,1.962
0.082,1.965
0.082,1.968
0.083,1.971
0.083,1.974
0.084,1.977
0.084,1.981
0.085,1.984
0.085,1.988
0.086,1.992
0.086,1.996
0.087,2.000
0.087,2.004
0.088,2.008
0.088,2.012
0.089,2.017
0.089,2.021
0.090,2.026
0.090,2.030
0.091,2.035
0.091,2.040
0.092,2.044
0.092,2.049
0.093,2.054
0.093,2.059
0.094,2.064
0.094,2.069
0.095,2.074
0.095,2.079
0.096,2.084
0.096,2.089
0.097,2.094
0.097,2.099
0.098,2.104
0.098,2.109
0.099,2.114
0.099,2.118
0.100,2.123
0.100,2.128
0.101,2.133
0.101,2.138
0.102,2.143
0.102,2.148
0.103,2.152
0.103,2.157
0.104,2.162
0.104,2.167
0.105,2.171
0.105,2.176
0.106,2.180
0.106,2.185
0.107,2.189
0.107,2.193
0.108,2.198
0.108,2.202
0.109,2.206
0.109,2.210
0.110,2.214
0.110,2.218
0.111,2.222
0.111,2.226
0.112,2.230
0.112,2.233
0.113,2.237
0.113,2.241
0.114,2.244
0.114,2.248
0.115,2.251
0.115,2.254
0.116,2.257
0.116,2.261
0.117,2.264
0.117,2.267
0.118,2.270
0.118,2.272
0.119,2.275
0.119,2.278
0.120,2.280
0.120,2.283
0.121,2.285
0.121,2.288
0.122,2.290
0.122,2.292
0.123,2.294
0.123,2.296
0.124,2.298
0.124,2.300
0.125,2.302
0.125,2.304
0.126,2.305
0.126,2.307
0.127,2.308
0.127,2.310
0.128,2.311
0.128,2.312
0.129,2.313
0.129,2.314
0.130,2.315
0.130,2.316
0.131,2.317
0.131,2.318
0.132,2.319
0.132,2.319
0.133,2.320
0.133,2.320
0.134,2.320
0.134,2.321
0.135,2.321
0.135,2.321
0.136,2.321
0.136,2.321
0.137,2.321
0.137,2.321
0.138,2.321
0.138,2.320
0.139,2.320
0.139,2.319
0.140,2.319
0.140,2.318
0.141,2.317
0.141,2.317
0.142,2.316
0.142,2.315
0.143,2.314
0.143,2.313
0.144,2.312
0.144,2.311
0.145,2.309
0.145,2.308
0.146,2.307
0.146,2.305
0.147,2.304
0.147,2.302
0.148,2.300
0.148,2.298
0.149,2.297
0.149,2.295
0.150,2.293
0.150,2.291
0.151,2.289
0.151,2.287
0.152,2.284
0.152,2.282
0.153,2.280
0.153,2.277
0.154,2.275
0.154,2.272
0.155,2.270
0.155,2.267
0.156,2.264
0.156,2.261
0.157,2.259
0.157,2.256
0.158,2.253
0.158,2.250
0.159,2.246
0.159,2.243
0.160,2.240
0.160,2.237
0.161,2.233
0.161,2.230
0.162,2.227
0.162,2.223
0.163,2.219
0.163,2.216
0.164,2.212
0.164,2.208
0.165,2.205
0.165,2.201
0.166,2.197
0.166,2.193
0.167,2.189
0.167,2.185
0.168,2.181
0.168,2.176
0.169,2.172
0.169,2.168
0.170,2.163
0.170,2.159
0.171,2.154
0.171,2.150
0.172,2.145
0.172,2.141
0.173,2.136
0.173,2.131
0.174,2.126
0.174,2.122
0.175,2.117
0.175,2.112
0.176,2.107
0.176,2.102
0.177,2.096
0.177,2.091
0.178,2.086
0.178,2.081
0.179,2.076
0.179,2.070
0.180,2.065
0.180,2.059
0.181,2.054
0.181,2.048
0.182,2.043
0.182,2.037
0.183,2.031
0.183,2.025
0.184,2.020
0.184,2.014
0.185,2.008
0.185,2.002
0.186,1.996
0.186,1.990
0.187,1.984
0.187,1.978
0.188,1.971
0.188,1.965
0.189,1.959
0.189,1.952
0.190,1.946
0.190,1.940
0.191,1.933
0.191,1.927
0.192,1.920
0.192,1.913
0.193,1.907
0.193,1.900
0.194,1.893
0.194,1.887
0.195,1.880
0.195,1.873
0.196,1.866
0.196,1.859
0.197,1.852
0.197,1.845
0.198,1.838
0.198,1.831
0.199,1.824
0.199,1.816
0.200,1.809
0.200,1.802
0.201,1.794
0.201,1.787
0.202,1.780
0.202,1.772
0.203,1.765
0.203,1.757
0.204,1.749
0.204,1.742
0.205,1.734
0.205,1.726
0.206,1.719
0.206,1.711
0.207,1.703
0.207,1.695
0.208,1.687
0.208,1.679
0.209,1.671
0.209,1.663
0.210,1.655
0.210,1.647
0.211,1.639
0.211,1.631
0.212,1.623
0.212,1.614
0.213,1.606
0.213,1.598
0.214,1.589
0.214,1.581
0.215,1.573
0.215,1.564
0.216,1.556
0.216,1.547
0.217,1.539
0.217,1.530
0.218,1.521
0.218,1.513
0.219,1.504
0.219,1.495
0.220,1.487
0.220,1.478
0.221,1.469
0.221,1.460
0.222,1.451
0.222,1.442
0.223,1.433
0.223,1.424
0.224,1.415
0.224,1.406
0.225,1.397
0.225,1.388
0.226,1.379
0.226,1.370
0.227,1.360
0.227,1.351
0.228,1.342
0.228,1.333
0.229,1.323
0.229,1.314
0.230,1.305
0.230,1.295
0.231,1.286
0.231,1.276
0.232,1.267
0.232,1.257
0.233,1.248
0.233,1.238
0.234,1.228
0.234,1.219
0.235,1.209
0.235,1.199
0.236,1.190
0.236,1.180
0.237,1.170
0.237,1.161
0.238,1.151
0.238,1.141
0.239,1.131
0.239,1.121
0.240,1.111
0.240,1.101
0.241,1.091
0.241,1.081
0.242,1.071
0.242,1.061
0.243,1.051
0.243,1.041
0.244,1.031
0.244,1.021
0.245,1.011
0.245,1.001
0.246,0.991
0.246,0.981
0.247,0.970
0.247,0.960
0.248,0.950
0.248,0.940
0.249,0.929
0.249,0.919
0.250,0.909
0.250,0.898
0.251,0.888
0.251,0.878
0.252,0.867
0.252,0.857
0.253,0.846
0.253,0.836
0.254,0.826
0.254,0.815
0.255,0.805
0.255,0.794
0.256,0.784
0.256,0.773
0.257,0.763
0.257,0.752
0.258,0.741
0.258,0.731
0.259,0.720
0.259,0.710
0.260,0.699
0.260,0.688
0.261,0.678
0.261,0.667
0.262,0.656
0.262,0.646
0.263,0.635
0.263,0.624
0.264,0.614
0.264,0.603
0.265,0.592
0.265,0.581
0.266,0.571
0.266,0.560
0.267,0.549
0.267,0.538
0.268,0.528
0.268,0.517
0.269,0.506
0.269,0.495
0.270,0.484
0.270,0.474
0.271,0.463
0.271,0.452
0.272,0.441
0.272,0.430
0.273,0.419
0.273,0.408
0.274,0.398
0.274,0.387
0.275,0.376
0.275,0.365
0.276,0.354
0.276,0.343
0.277,0.332
0.277,0.321
0.278,0.311
0.278,0.300
0.279,0.289
0.279,0.278
0.280,0.267
0.280,0.256
0.281,0.245
0.281,0.234
0.282,0.223
0.282,0.212
0.283,0.202
0.283,0.191
0.284,0.180
0.284,0.169
0.285,0.158
0.285,0.147
0.286,0.136
0.286,0.125
0.287,0.114
0.287,0.103
0.288,0.093
0.288,0.082
0.289,0.071
0.289,0.060
0.290,0.049
0.290,0.038
0.291,0.027
0.291,0.016
0.292,0.006
0.292,-0.005
0.293,-0.016
0.293,-0.027
0.294,-0.038
0.294,-0.049
0.295,-0.059
0.295,-0.070
0.296,-0.081
0.296,-0.092
0.297,-0.103
0.297,-0.113
0.298,-0.124
0.298,-0.135
0.299,-0.146
0.299,-0.156
0.300,-0.167
0.300,-0.178
0.301,-0.189
0.301,-0.199
0.302,-0.210
0.302,-0.221
0.303,-0.231
0.303,-0.242
0.304,-0.253
0.304,-0.263
0.305,-0.274
0.305,-0.285
0.306,-0.295
0.306,-0.306
0.307,-0.316
0.307,-0.327
0.308,-0.337
0.308,-0.348
0.309,-0.359
0.309,-0.369
0.310,-0.380
0.310,-0.390
0.311,-0.400
0.311,-0.411
0.312,-0.421
0.312,-0.432
0.313,-0.442
0.313,-0.453
0.314,-0.463
0.314,-0.473
0.315,-0.484
0.315,-0.494
0.316,-0.504
0.316,-0.515
0.317,-0.525
0.317,-0.535
0.318,-0.545
0.318,-0.555
0.319,-0.566
0.319,-0.576
0.320,-0.586
0.320,-0.596
0.321,-0.606
0.321,-0.616
0.322,-0.626
0.322,-0.636
0.323,-0.646
0.323,-0.656
0.324,-0.666
0.324,-0.676
0.325,-0.686
0.325,-0.696
0.326,-0.706
0.326,-0.716
0.327,-0.726
0.327,-0.736
0.328,-0.745
0.328,-0.755
0.329,-0.765
0.329,-0.775
0.330,-0.784
0.330,-0.794
0.331,-0.804
0.331,-0.813
0.332,-0.823
0.332,-0.833
0.333,-0.842
0.333,-0.852
0.334,-0.861
0.334,-0.871
0.335,-0.880
0.335,-0.889
0.336,-0.899
0.336,-0.908
0.337,-0.918
0.337,-0.927
0.338,-0.936
0.338,-0.945
0.339,-0.955
0.339,-0.964
0.340,-0.973
0.340,-0.982
0.341,-0.991
0.341,-1.000
0.342,-1.009
0.342,-1.018
0.343,-1.027
0.343,-1.036
0.344,-1.045
0.344,-1.054
0.345,-1.063
0.345,-1.072
0.346,-1.081
0.346,-1.089
0.347,-1.098
0.347,-1.107
0.348,-1.115
0.348,-1.124
0.349,-1.133
0.349,-1.141
0.350,-1.150
0.350,-1.158
0.351,-1.167
0.351,-1.175
0.352,-1.184
0.352,-1.192
0.353,-1.200
0.353,-1.209
0.354,-1.217
0.354,-1.225
0.355,-1.233
0.355,-1.241
0.356,-1.250
0.356,-1.258
0.357,-1.266
0.357,-1.274
0.358,-1.282
0.358,-1.290
0.359,-1.298
0.359,-1.305
0.360,-1.313
0.360,-1.321
0.361,-1.329
0.361,-1.336
0.362,-1.344
0.362,-1.352
0.363,-1.359
0.363,-1.367
0.364,-1.374
0.364,-1.382
0.365,-1.389
0.365,-1.397
0.366,-1.404
0.366,-1.412
0.367,-1.419
0.367,-1.426
0.368,-1.433
0.368,-1.440
0.369,-1.448
0.369,-1.455
0.370,-1.462
0.370,-1.469
0.371,-1.476
0.371,-1.483
0.372,-1.490
0.372,-1.496
0.373,-1.503
0.373,-1.510
0.374,-1.517
0.374,-1.523
0.375,-1.530
0.375,-1.537
0.376,-1.543
0.376,-1.550
0.377,-1.556
0.377,-1.563
0.378,-1.569
0.378,-1.575
0.379,-1.582
0.379,-1.588
0.380,-1.594
0.380,-1.600
0.381,-1.606
0.381,-1.612
0.382,-1.618
0.382,-1.624
0.383,-1.630
0.383,-1.636
0.384,-1.642
0.384,-1.648
0.385,-1.654
0.385,-1.659
0.386,-1.665
0.386,-1.671
0.387,-1.676
0.387,-1.682
0.388,-1.687
0.388,-1.693
0.389,-1.698
0.389,-1.704
0.390,-1.709
0.390,-1.714
0.391,-1.719
0.391,-1.725
0.392,-1.730
0.392,-1.735
0.393,-1.740
0.393,-1.745
0.394,-1.750
0.394,-1.755
0.395,-1.760
0.395,-1.764
0.396,-1.769
0.396,-1.774
0.397,-1.778
0.397,-1.783
0.398,-1.788
0.398,-1.792
0.399,-1.797
0.399,-1.801
0.400,-1.805
0.400,-1.810
0.401,-1.814
0.401,-1.818
0.402,-1.822
0.402,-1.827
0.403,-1.831
0.403,-1.835
0.404,-1.839
0.404,-1.843
0.405,-1.846
0.405,-1.850
0.406,-1.854
0.406,-1.858
0.407,-1.862
0.407,-1.865
0.408,-1.869
0.408,-1.872
0.409,-1.876
0.409,-1.879
0.410,-1.883
0.410,-1.886
0.411,-1.889
0.411,-1.893
0.412,-1.896
0.412,-1.899
0.413,-1.902
0.413,-1.905
0.414,-1.908
0.414,-1.911
0.415,-1.914
0.415,-1.917
0.416,-1.920
0.416,-1.922
0.417,-1.925
0.417,-1.928
0.418,-1.930
0.418,-1.933
0.419,-1.935
0.419,-1.938
0.420,-1.940
0.420,-1.943
0.421,-1.945
0.421,-1.947
0.422,-1.949
0.422,-1.951
0.423,-1.953
0.423,-1.956
0.424,-1.958
0.424,-1.959
0.425,-1.961
0.425,-1.963
0.426,-1.965
0.426,-1.967
0.427,-1.968
0.427,-1.970
0.428,-1.972
0.428,-1.973
0.429,-1.975
0.429,-1.976
0.430,-1.978
0.430,-1.979
0.431,-1.980
0.431,-1.981
0.432,-1.983
0.432,-1.984
0.433,-1.985
0.433,-1.986
0.434,-1.987
0.434,-1.988
0.435,-1.989
0.435,-1.989
0.436,-1.990
0.436,-1.991
0.437,-1.992
0.437,-1.992
0.438,-1.993
0.438,-1.993
0.439,-1.994
0.439,-1.994
0.440,-1.995
0.440,-1.995
0.441,-1.995
0.441,-1.995
0.442,-1.996
0.442,-1.996
0.443,-1.996
0.443,-1.996
0.444,-1.996
0.444,-1.996
0.445,-1.995
0.445,-1.995
0.446,-1.995
0.446,-1.995
0.447,-1.994
0.447,-1.994
0.448,-1.994
0.448,-1.993
0.449,-1.993
0.449,-1.992
0.450,-1.991
0.450,-1.991
0.451,-1.990
0.451,-1.989
0.452,-1.988
0.452,-1.987
0.453,-1.986
0.453,-1.985
0.454,-1.984
0.454,-1.983
0.455,-1.982
0.455,-1.981
0.456,-1.980
0.456,-1.978
0.457,-1.977
0.457,-1.976
0.458,-1.974
0.458,-1.973
0.459,-1.971
0.459,-1.970
0.460,-1.968
0.460,-1.966
0.461,-1.965
0.461,-1.963
0.462,-1.961
0.462,-1.959
0.463,-1.957
0.463,-1.955
0.464,-1.953
0.464,-1.951
0.465,-1.949
0.465,-1.947
0.466,-1.945
0.466,-1.942
0.467,-1.940
0.467,-1.938
0.468,-1.935
0.468,-1.933
0.469,-1.930
0.469,-1.928
0.470,-1.925
0.470,-1.922
0.471,-1.920
0.471,-1.917
0.472,-1.914
0.472,-1.911
0.473,-1.908
0.473,-1.906
0.474,-1.903
0.474,-1.899
0.475,-1.896
0.475,-1.893
0.476,-1.890
0.476,-1.887
0.477,-1.884
0.477,-1.880
0.478,-1.877
0.478,-1.874
0.479,-1.870
0.479,-1.867
0.480,-1.863
0.480,-1.860
0.481,-1.856
0.481,-1.852
0.482,-1.849
0.482,-1.845
0.483,-1.841
0.483,-1.837
0.484,-1.833
0.484,-1.829
0.485,-1.825
0.485,-1.821
0.486,-1.817
0.486,-1.813
0.487,-1.809
0.487,-1.805
0.488,-1.801
0.488,-1.796
0.489,-1.792
0.489,-1.788
0.490,-1.783
0.490,-1.779
0.491,-1.774
0.491,-1.770
0.492,-1.765
0.492,-1.760
0.493,-1.756
0.493,-1.751
0.494,-1.746
0.494,-1.741
0.495,-1.737
0.495,-1.732
0.496,-1.727
0.496,-1.722
0.497,-1.717
0.497,-1.712
0.498,-1.707
0.498,-1.702
0.499,-1.696
0.499,-1.691
0.500,-1.686
0.500,-1.681
0.501,-1.675
0.501,-1.670
0.502,-1.664
0.502,-1.659
0.503,-1.654
0.503,-1.648
0.503,-1.642
0.504,-1.637
0.504,-1.631
0.505,-1.626
0.505,-1.620
0.506,-1.614
0.506,-1.608
0.507,-1.602
0.507,-1.597
0.508,-1.591
0.508,-1.585
0.509,-1.579
0.509,-1.573
0.510,-1.567
0.510,-1.560
0.511,-1.554
0.511,-1.548
0.512,-1.542
0.512,-1.536
0.513,-1.529
0.513,-1.523
0.514,-1.517
0.514,-1.510
0.515,-1.504
0.515,-1.498
0.516,-1.491
0.516,-1.485
0.517,-1.478
0.517,-1.471
0.518,-1.465
0.518,-1.458
0.519,-1.451
0.519,-1.445
0.520,-1.438
0.520,-1.431
0.521,-1.424
0.521,-1.417
0.522,-1.411
0.522,-1.404
0.523,-1.397
0.523,-1.390
0.524,-1.383
0.524,-1.376
0.525,-1.369
0.525,-1.361
0.526,-1.354
0.526,-1.347
0.527,-1.340
0.527,-1.333
0.528,-1.325
0.528,-1.318
0.529,-1.311
0.529,-1.304
0.530,-1.296
0.530,-1.289
0.531,-1.281
0.531,-1.274
0.532,-1.266
0.532,-1.259
0.533,-1.251
0.533,-1.244
0.534,-1.236
0.534,-1.228
0.535,-1.221
0.535,-1.213
0.536,-1.205
0.536,-1.198
0.537,-1.190
0.537,-1.182
0.538,-1.174
0.538,-1.166
0.539,-1.159
0.539,-1.151
0.540,-1.143
0.540,-1.135
0.541,-1.127
0.541,-1.119
0.542,-1.111
0.542,-1.103
0.543,-1.095
0.543,-1.087
0.544,-1.078
0.544,-1.070
0.545,-1.062
0.545,-1.054
0.546,-1.046
0.546,-1.038
0.547,-1.029
0.547,-1.021
0.548,-1.013
0.548,-1.004
0.549,-0.996
0.549,-0.988
0.550,-0.979
0.550,-0.971
0.551,-0.962
0.551,-0.954
0.552,-0.946
0.552,-0.937
0.553,-0.929
0.553,-0.920
0.554,-0.912
0.554,-0.903
0.555,-0.894
0.555,-0.886
0.556,-0.877
0.556,-0.869
0.557,-0.860
0.557,-0.851
0.558,-0.843
0.558,-0.834
0.559,-0.825
0.559,-0.816
0.560,-0.808
0.560,-0.799
0.561,-0.790
0.561,-0.781
0.562,-0.773
0.562,-0.764
0.563,-0.755
0.563,-0.746
0.564,-0.737
0.564,-0.728
0.565,-0.719
0.565,-0.710
0.566,-0.702
0.566,-0.693
0.567,-0.684
0.567,-0.675
0.568,-0.666
0.568,-0.657
0.569,-0.648
0.569,-0.639
0.570,-0.630
0.570,-0.621
0.571,-0.612
0.571,-0.603
0.572,-0.593
0.572,-0.584
0.573,-0.575
0.573,-0.566
0.574,-0.557
0.574,-0.548
0.575,-0.539
0.575,-0.530
0.576,-0.521
0.576,-0.511
0.577,-0.502
0.577,-0.493
0.578,-0.484
0.578,-0.475
0.579,-0.466
0.579,-0.456
0.580,-0.447
0.580,-0.438
0.581,-0.429
0.581,-0.419
0.582,-0.410
0.582,-0.401
0.583,-0.392
0.583,-0.382
0.584,-0.373
0.584,-0.364
0.585,-0.355
0.585,-0.345
0.586,-0.336
0.586,-0.327
0.587,-0.318
0.587,-0.308
0.588,-0.299
0.588,-0.290
0.589,-0.280
0.589,-0.271
0.590,-0.262
0.590,-0.253
0.591,-0.243
0.591,-0.234
0.592,-0.225
0.592,-0.215
0.593,-0.206
0.593,-0.197
0.594,-0.187
0.594,-0.178
0.595,-0.169
0.595,-0.160
0.596,-0.150
0.596,-0.141
0.597,-0.132
0.597,-0.122
0.598,-0.113
0.598,-0.104
0.599,-0.094
0.599,-0.085
0.600,-0.076
0.600,-0.067
0.601,-0.057
0.601,-0.048
0.602,-0.039
0.602,-0.029
0.603,-0.020
0.603,-0.011
0.604,-0.002
0.604,0.008
0.605,0.017
0.605,0.026
0.606,0.035
0.606,0.045
0.607,0.054
0.607,0.063
0.608,0.072
0.608,0.081
0.609,0.091
0.609,0.100
0.610,0.109
0.610,0.118
0.611,0.127
0.611,0.137
0.612,0.146
0.612,0.155
0.613,0.164
0.613,0.173
0.614,0.182
0.614,0.191
0.615,0.200
0.615,0.210
0.616,0.219
0.616,0.228
0.617,0.237
0.617,0.246
0.618,0.255
0.618,0.264
0.619,0.273
0.619,0.282
0.620,0.291
0.620,0.300
0.621,0.309
0.621,0.318
0.622,0.327
0.622,0.336
0.623,0.345
0.623,0.354
0.624,0.362
0.624,0.371
0.625,0.380
0.625,0.389
0.626,0.398
0.626,0.407
0.627,0.416
0.627,0.424
0.628,0.433
0.628,0.442
0.629,0.451
0.629,0.459
0.630,0.468
0.630,0.477
0.631,0.485
0.631,0.494
0.632,0.503
0.632,0.511
0.633,0.520
0.633,0.529
0.634,0.537
0.634,0.546
0.635,0.554
0.635,0.563
0.636,0.571
0.636,0.580
0.637,0.588
0.637,0.597
0.638,0.605
0.638,0.614
0.639,0.622
0.639,0.630
0.640,0.639
0.640,0.647
0.641,0.655
0.641,0.664
0.642,0.672
0.642,0.680
0.643,0.688
0.643,0.697
0.644,0.705
0.644,0.713
0.645,0.721
0.645,0.729
0.646,0.737
0.646,0.745
0.647,0.753
0.647,0.761
0.648,0.769
0.648,0.777
0.649,0.785
0.649,0.793
0.650,0.801
0.650,0.809
0.651,0.817
0.651,0.825
0.652,0.833
0.652,0.840
0.653,0.848
0.653,0.856
0.654,0.864
0.654,0.871
0.655,0.879
0.655,0.887
0.656,0.894
0.656,0.902
0.657,0.909
0.657,0.917
0.658,0.924
0.658,0.932
0.659,0.939
0.659,0.947
0.660,0.954
0.660,0.961
0.661,0.969
0.661,0.976
0.662,0.983
0.662,0.991
0.663,0.998
0.663,1.005
0.664,1.012
0.664,1.019
0.665,1.026
0.665,1.033
0.666,1.040
0.666,1.047
0.667,1.054
0.667,1.061
0.668,1.068
0.668,1.075
0.669,1.082
0.669,1.089
0.670,1.096
0.670,1.102
0.671,1.109
0.671,1.116
0.672,1.123
0.672,1.129
0.673,1.136
0.673,1.142
0.674,1.149
0.674,1.155
0.675,1.162
0.675,1.168
0.676,1.175
0.676,1.181
0.677,1.188
0.677,1.194
0.678,1.200
0.678,1.206
0.679,1.213
0.679,1.219
0.680,1.225
0.680,1.231
0.681,1.237
0.681,1.243
0.682,1.249
0.682,1.255
0.683,1.261
0.683,1.267
0.684,1.273
0.684,1.279
0.685,1.284
0.685,1.290
0.686,1.296
0.686,1.302
0.687,1.307
0.687,1.313
0.688,1.318
0.688,1.324
0.689,1.330
0.689,1.335
0.690,1.340
0.690,1.346
0.691,1.351
0.691,1.357
0.692,1.362
0.692,1.367
0.693,1.372
0.693,1.377
0.694,1.383
0.694,1.388
0.695,1.393
0.695,1.398
0.696,1.403
0.696,1.408
0.697,1.413
0.697,1.418
0.698,1.422
0.698,1.427
0.699,1.432
0.699,1.437
0.700,1.441
0.700,1.446
0.701,1.451
0.701,1.455
0.702,1.460
0.702,1.464
0.703,1.469
0.703,1.473
0.704,1.477
0.704,1.482
0.705,1.486
0.705,1.490
0.706,1.495
0.706,1.499
0.707,1.503
0.707,1.507
0.708,1.511
0.708,1.515
0.709,1.519
0.709,1.523
0.710,1.527
0.710,1.531
0.711,1.534
0.711,1.538
0.712,1.542
0.712,1.546
0.713,1.549
0.713,1.553
0.714,1.556
0.714,1.560
0.715,1.563
0.715,1.567
0.716,1.570
0.716,1.574
0.717,1.577
0.717,1.580
0.718,1.583
0.718,1.587
0.719,1.590
0.719,1.593
0.720,1.596
0.720,1.599
0.721,1.602
0.721,1.605
0.722,1.608
0.722,1.611
0.723,1.613
0.723,1.616
0.724,1.619
0.724,1.622
0.725,1.624
0.725,1.627
0.726,1.629
0.726,1.632
0.727,1.634
0.727,1.637
0.728,1.639
0.728,1.642
0.729,1.644
0.729,1.646
0.730,1.648
0.730,1.650
0.731,1.653
0.731,1.655
0.732,1.657
0.732,1.659
0.733,1.661
0.733,1.663
0.734,1.664
0.734,1.666
0.735,1.668
0.735,1.670
0.736,1.672
0.736,1.673
0.737,1.675
0.737,1.676
0.738,1.678
0.738,1.679
0.739,1.681
0.739,1.682
0.740,1.684
0.740,1.685
0.741,1.686
0.741,1.687
0.742,1.689
0.742,1.690
0.743,1.691
0.743,1.692
0.744,1.693
0.744,1.694
0.745,1.695
0.745,1.696
0.746,1.696
0.746,1.697
0.747,1.698
0.747,1.699
0.748,1.699
0.748,1.700
0.749,1.700
0.749,1.701
0.750,1.701
0.750,1.702
0.751,1.702
0.751,1.703
0.752,1.703
0.752,1.703
0.753,1.703
0.753,1.704
0.754,1.704
0.754,1.704
0.755,1.704
0.755,1.704
0.756,1.704
0.756,1.704
0.757,1.704
0.757,1.704
0.758,1.703
0.758,1.703
0.759,1.703
0.759,1.702
0.760,1.702
0.760,1.702
0.761,1.701
0.761,1.701
0.762,1.700
0.762,1.700
0.763,1.699
0.763,1.698
0.764,1.697
0.764,1.697
0.765,1.696
0.765,1.695
0.766,1.694
0.766,1.693
0.767,1.692
0.767,1.691
0.768,1.690
0.768,1.689
0.769,1.688
0.769,1.687
0.770,1.686
0.770,1.684
0.771,1.683
0.771,1.682
0.772,1.680
0.772,1.679
0.773,1.677
0.773,1.676
0.774,1.674
0.774,1.673
0.775,1.671
0.775,1.669
0.776,1.667
0.776,1.666
0.777,1.664
0.777,1.662
0.778,1.660
0.778,1.658
0.779,1.656
0.779,1.654
0.780,1.652
0.780,1.650
0.781,1.648
0.781,1.646
0.782,1.643
0.782,1.641
0.783,1.639
0.783,1.637
0.784,1.634
0.784,1.632
0.785,1.629
0.785,1.627
0.786,1.624
0.786,1.622
0.787,1.619
0.787,1.616
0.788,1.614
0.788,1.611
0.789,1.608
0.789,1.605
0.790,1.602
0.790,1.600
0.791,1.597
0.791,1.594
0.792,1.591
0.792,1.588
0.793,1.584
0.793,1.581
0.794,1.578
0.794,1.575
0.795,1.572
0.795,1.568
0.796,1.565
0.796,1.562
0.797,1.558
0.797,1.555
0.798,1.551
0.798,1.548
0.799,1.544
0.799,1.541
0.800,1.537
0.800,1.533
0.801,1.530
0.801,1.526
0.802,1.522
0.802,1.518
0.803,1.515
0.803,1.511
0.804,1.507
0.804,1.503
0.805,1.499
0.805,1.495
0.806,1.491
0.806,1.487
0.807,1.482
0.807,1.478
0.808,1.474
0.808,1.470
0.809,1.466
0.809,1.461
0.810,1.457
0.810,1.453
0.811,1.448
0.811,1.444
0.812,1.439
0.812,1.435
0.813,1.430
0.813,1.426
0.814,1.421
0.814,1.416
0.815,1.412
0.815,1.407
0.816,1.402
0.816,1.397
0.817,1.392
0.817,1.388
0.818,1.383
0.818,1.378
0.819,1.373
0.819,1.368
0.820,1.363
0.820,1.358
0.821,1.353
0.821,1.348
0.822,1.342
0.822,1.337
0.823,1.332
0.823,1.327
0.824,1.322
0.824,1.316
0.825,1.311
0.825,1.306
0.826,1.300
0.826,1.295
0.827,1.289
0.827,1.284
0.828,1.278
0.828,1.273
0.829,1.267
0.829,1.262
0.830,1.256
0.830,1.250
0.831,1.245
0.831,1.239
0.832,1.233
0.832,1.227
0.833,1.222
0.833,1.216
0.834,1.210
0.834,1.204
0.835,1.198
0.835,1.192
0.836,1.186
0.836,1.180
0.837,1.174
0.837,1.168
0.838,1.162
0.838,1.156
0.839,1.150
0.839,1.144
0.840,1.137
0.840,1.131
0.841,1.125
0.841,1.119
0.842,1.112
0.842,1.106
0.843,1.100
0.843,1.093
0.844,1.087
0.844,1.081
0.845,1.074
0.845,1.068
0.846,1.061
0.846,1.055
0.847,1.048
0.847,1.042
0.848,1.035
0.848,1.029
0.849,1.022
0.849,1.015
0.850,1.009
0.850,1.002
0.851,0.995
0.851,0.989
0.852,0.982
0.852,0.975
0.853,0.968
0.853,0.961
0.854,0.955
0.854,0.948
0.855,0.941
0.855,0.934
0.856,0.927
0.856,0.920
0.857,0.913
0.857,0.906
0.858,0.899
0.858,0.892
0.859,0.885
0.859,0.878
0.860,0.871
0.860,0.864
0.861,0.857
0.861,0.850
0.862,0.843
0.862,0.835
0.863,0.828
0.863,0.821
0.864,0.814
0.864,0.807
0.865,0.799
0.865,0.792
0.866,0.785
0.866,0.777
0.867,0.770
0.867,0.763
0.868,0.755
0.868,0.748
0.869,0.741
0.869,0.733
0.870,0.726
0.870,0.719
0.871,0.711
0.871,0.704
0.872,0.696
0.872,0.689
0.873,0.681
0.873,0.674
0.874,0.666
0.874,0.659
0.875,0.651
0.875,0.644
0.876,0.636
0.876,0.628
0.877,0.621
0.877,0.613
0.878,0.606
0.878,0.598
0.879,0.590
0.879,0.583
0.880,0.575
0.880,0.567
0.881,0.560
0.881,0.552
0.882,0.544
0.882,0.537
0.883,0.529
0.883,0.521
0.884,0.513
0.884,0.506
0.885,0.498
0.885,0.490
0.886,0.482
0.886,0.475
0.887,0.467
0.887,0.459
0.888,0.451
0.888,0.443
0.889,0.435
0.889,0.428
0.890,0.420
0.890,0.412
0.891,0.404
0.891,0.396
0.892,0.388
0.892,0.380
0.893,0.373
0.893,0.365
0.894,0.357
0.894,0.349
0.895,0.341
0.895,0.333
0.896,0.325
0.896,0.317
0.897,0.309
0.897,0.302
0.898,0.294
0.898,0.286
0.899,0.278
0.899,0.270
0.900,0.262
0.900,0.254
0.901,0.246
0.901,0.238
0.902,0.230
0.902,0.222
0.903,0.214
0.903,0.206
0.904,0.198
0.904,0.190
0.905,0.182
0.905,0.174
0.906,0.167
0.906,0.159
0.907,0.151
0.907,0.143
0.908,0.135
0.908,0.127
0.909,0.119
0.909,0.111
0.910,0.103
0.910,0.095
0.911,0.087
0.911,0.079
0.912,0.071
0.912,0.063
0.913,0.055
0.913,0.047
0.914,0.039
0.914,0.031
0.915,0.024
0.915,0.016
0.916,0.008
0.916,-0.000
0.917,-0.008
0.917,-0.016
0.918,-0.024
0.918,-0.032
0.919,-0.040
0.919,-0.048
0.920,-0.056
0.920,-0.063
0.921,-0.071
0.921,-0.079
0.922,-0.087
0.922,-0.095
0.923,-0.103
0.923,-0.111
0.924,-0.118
0.924,-0.126
0.925,-0.134
0.925,-0.142
0.926,-0.150
0.926,-0.157
0.927,-0.165
0.927,-0.173
0.928,-0.181
0.928,-0.189
0.929,-0.196
0.929,-0.204
0.930,-0.212
0.930,-0.220
0.931,-0.227
0.931,-0.235
0.932,-0.243
0.932,-0.250
0.933,-0.258
0.933,-0.266
0.934,-0.273
0.934,-0.281
0.935,-0.289
0.935,-0.296
0.936,-0.304
0.936,-0.311
0.937,-0.319
0.937,-0.327
0.938,-0.334
0.938,-0.342
0.939,-0.349
0.939,-0.357
0.940,-0.364
0.940,-0.372
0.941,-0.379
0.941,-0.387
0.942,-0.394
0.942,-0.402
0.943,-0.409
0.943,-0.417
0.944,-0.424
0.944,-0.431
0.945,-0.439
0.945,-0.446
0.946,-0.454
0.946,-0.461
0.947,-0.468
0.947,-0.475
0.948,-0.483
0.948,-0.490
0.949,-0.497
0.949,-0.505
0.950,-0.512
0.950,-0.519
0.951,-0.526
0.951,-0.533
0.952,-0.540
0.952,-0.548
0.953,-0.555
0.953,-0.562
0.954,-0.569
0.954,-0.576
0.955,-0.583
0.955,-0.590
0.956,-0.597
0.956,-0.604
0.957,-0.611
0.957,-0.618
0.958,-0.625
0.958,-0.632
0.959,-0.639
0.959,-0.646
0.960,-0.652
0.960,-0.659
0.961,-0.666
0.961,-0.673
0.962,-0.680
0.962,-0.686
0.963,-0.693
0.963,-0.700
0.964,-0.707
0.964,-0.713
0.965,-0.720
0.965,-0.727
0.966,-0.733
0.966,-0.740
0.967,-0.746
0.967,-0.753
0.968,-0.759
0.968,-0.766
0.969,-0.772
0.969,-0.779
0.970,-0.785
0.970,-0.792
0.971,-0.798
0.971,-0.804
0.972,-0.811
0.972,-0.817
0.973,-0.823
0.973,-0.830
0.974,-0.836
0.974,-0.842
0.975,-0.848
0.975,-0.854
0.976,-0.860
0.976,-0.867
0.977,-0.873
0.977,-0.879
0.978,-0.885
0.978,-0.891
0.979,-0.897
0.979,-0.903
0.980,-0.909
0.980,-0.915
0.981,-0.920
0.981,-0.926
0.982,-0.932
0.982,-0.938
0.983,-0.944
0.983,-0.949
0.984,-0.955
0.984,-0.961
0.985,-0.967
0.985,-0.972
0.986,-0.978
0.986,-0.983
0.987,-0.989
0.987,-0.994
0.988,-1.000
0.988,-1.005
0.989,-1.011
0.989,-1.016
0.990,-1.022
0.990,-1.027
0.991,-1.032
0.991,-1.038
0.992,-1.043
0.992,-1.048
0.993,-1.053
0.993,-1.059
0.994,-1.064
0.994,-1.069
0.995,-1.074
0.995,-1.079
0.996,-1.084
0.996,-1.089
0.997,-1.094
0.997,-1.099
0.998,-1.104
0.998,-1.109
0.999,-1.114
0.999,-1.119
1.000,-1.123
1.000,-1.128
1.001,-1.133
1.001,-1.138
1.002,-1.142
1.002,-1.147
1.003,-1.151
1.003,-1.156
1.004,-1.161
1.004,-1.165
1.005,-1.170
1.005,-1.174
1.006,-1.178
1.006,-1.183
1.007,-1.187
1.007,-1.191
1.008,-1.196
1.008,-1.200
1.009,-1.204
1.009,-1.208
1.010,-1.213
1.010,-1.217
1.011,-1.221
1.011,-1.225
1.012,-1.229
1.012,-1.233
1.013,-1.237
1.013,-1.241
1.014,-1.245
1.014,-1.249
1.015,-1.252
1.015,-1.256
1.016,-1.260
1.016,-1.264
1.017,-1.267
1.017,-1.271
1.018,-1.275
1.018,-1.278
1.019,-1.282
1.019,-1.285
1.020,-1.289
1.020,-1.292
1.021,-1.296
1.021,-1.299
1.022,-1.302
1.022,-1.306
1.023,-1.309
1.023,-1.312
1.024,-1.315
1.024,-1.319
1.025,-1.322
1.025,-1.325
1.026,-1.328
1.026,-1.331
1.027,-1.334
1.027,-1.337
1.028,-1.340
1.028,-1.343
1.029,-1.345
1.029,-1.348
1.030,-1.351
1.030,-1.354
1.031,-1.357
1.031,-1.359
1.032,-1.362
1.032,-1.364
1.033,-1.367
1.033,-1.370
1.034,-1.372
1.034,-1.375
1.035,-1.377
1.035,-1.379
1.036,-1.382
1.036,-1.384
1.037,-1.386
1.037,-1.389
1.038,-1.391
1.038,-1.393
1.039,-1.395
1.039,-1.397
1.040,-1.399
1.040,-1.401
1.041,-1.403
1.041,-1.405
1.042,-1.407
1.042,-1.409
1.043,-1.411
1.043,-1.413
1.044,-1.414
1.044,-1.416
1.045,-1.418
1.045,-1.419
1.046,-1.421
1.046,-1.423
1.047,-1.424
1.047,-1.426
1.048,-1.427
1.048,-1.429
1.049,-1.430
1.049,-1.431
1.050,-1.433
1.050,-1.434
1.051,-1.435
1.051,-1.436
1.052,-1.438
1.052,-1.439
1.053,-1.440
1.053,-1.441
1.054,-1.442
1.054,-1.443
1.055,-1.444
1.055,-1.445
1.056,-1.446
1.056,-1.447
1.057,-1.447
1.057,-1.448
1.058,-1.449
1.058,-1.450
1.059,-1.450
1.059,-1.451
1.060,-1.451
1.060,-1.452
1.061,-1.452
1.061,-1.453
1.062,-1.453
1.062,-1.454
1.063,-1.454
1.063,-1.454
1.064,-1.455
1.064,-1.455
1.065,-1.455
1.065,-1.455
1.066,-1.456
1.066,-1.456
1.067,-1.456
1.067,-1.456
1.068,-1.456
1.068,-1.456
1.069,-1.456
1.069,-1.455
1.070,-1.455
1.070,-1.455
1.071,-1.455
1.071,-1.455
1.072,-1.454
1.072,-1.454
1.073,-1.454
1.073,-1.453
1.074,-1.453
1.074,-1.452
1.075,-1.452
1.075,-1.451
1.076,-1.451
1.076,-1.450
1.077,-1.449
1.077,-1.449
1.078,-1.448
1.078,-1.447
1.079,-1.446
1.079,-1.445
1.080,-1.444
1.080,-1.444
1.081,-1.443
1.081,-1.442
1.082,-1.441
1.082,-1.439
1.083,-1.438
1.083,-1.437
1.084,-1.436
1.084,-1.435
1.085,-1.434
1.085,-1.432
1.086,-1.431
1.086,-1.430
1.087,-1.428
1.087,-1.427
1.088,-1.425
1.088,-1.424
1.089,-1.422
1.089,-1.421
1.090,-1.419
1.090,-1.418
1.091,-1.416
1.091,-1.414
1.092,-1.412
1.092,-1.411
1.093,-1.409
1.093,-1.407
1.094,-1.405
1.094,-1.403
1.095,-1.401
1.095,-1.399
1.096,-1.397
1.096,-1.395
1.097,-1.393
1.097,-1.391
1.098,-1.389
1.098,-1.387
1.099,-1.384
1.099,-1.382
1.100,-1.380
1.100,-1.378
1.101,-1.375
1.101,-1.373
1.102,-1.370
1.102,-1.368
1.103,-1.365
1.103,-1.363
1.104,-1.360
1.104,-1.358
1.105,-1.355
1.105,-1.352
1.106,-1.350
1.106,-1.347
1.107,-1.344
1.107,-1.341
1.108,-1.339
1.108,-1.336
1.109,-1.333
1.109,-1.330
1.110,-1.327
1.110,-1.324
1.111,-1.321
1.111,-1.318
1.112,-1.315
1.112,-1.312
1.113,-1.309
1.113,-1.305
1.114,-1.302
1.114,-1.299
1.115,-1.296
1.115,-1.292
1.116,-1.289
1.116,-1.286
1.117,-1.282
1.117,-1.279
1.118,-1.275
1.118,-1.272
1.119,-1.268
1.119,-1.265
1.120,-1.261
1.120,-1.258
1.121,-1.254
1.121,-1.250
1.122,-1.247
1.122,-1.243
1.123,-1.239
1.123,-1.235
1.124,-1.232
1.124,-1.228
1.125,-1.224
1.125,-1.220
1.126,-1.216
1.126,-1.212
1.127,-1.208
1.127,-1.204
1.128,-1.200
1.128,-1.196
1.129,-1.192
1.129,-1.188
1.130,-1.184
1.130,-1.179
1.131,-1.175
1.131,-1.171
1.132,-1.167
1.132,-1.162
1.133,-1.158
1.133,-1.154
1.134,-1.149
1.134,-1.145
1.135,-1.140
1.135,-1.136
1.136,-1.131
1.136,-1.127
1.137,-1.122
1.137,-1.118
1.138,-1.113
1.138,-1.109
1.139,-1.104
1.139,-1.099
1.140,-1.095
1.140,-1.090
1.141,-1.085
1.141,-1.080
1.142,-1.076
1.142,-1.071
1.143,-1.066
1.143,-1.061
1.144,-1.056
1.144,-1.051
1.145,-1.046
1.145,-1.041
1.146,-1.036
1.146,-1.031
1.147,-1.026
1.147,-1.021
1.148,-1.016
1.148,-1.011
1.149,-1.006
1.149,-1.001
1.150,-0.996
1.150,-0.990
1.151,-0.985
1.151,-0.980
1.152,-0.975
1.152,-0.969
1.153,-0.964
1.153,-0.959
1.154,-0.953
1.154,-0.948
1.155,-0.943
1.155,-0.937
1.156,-0.932
1.156,-0.926
1.157,-0.921
1.157,-0.915
1.158,-0.910
1.158,-0.904
1.159,-0.899
1.159,-0.893
1.160,-0.888
1.160,-0.882
1.161,-0.876
1.161,-0.871
1.162,-0.865
1.162,-0.859
1.163,-0.854
1.163,-0.848
1.164,-0.842
1.164,-0.836
1.165,-0.831
1.165,-0.825
1.166,-0.819
1.166,-0.813
1.167,-0.807
1.167,-0.801
1.168,-0.795
1.168,-0.790
1.169,-0.784
1.169,-0.778
1.170,-0.772
1.170,-0.766
1.171,-0.760
1.171,-0.754
1.172,-0.748
1.172,-0.742
1.173,-0.736
1.173,-0.729
1.174,-0.723
1.174,-0.717
1.175,-0.711
1.175,-0.705
1.176,-0.699
1.176,-0.693
1.177,-0.687
1.177,-0.680
1.178,-0.674
1.178,-0.668
1.179,-0.662
1.179,-0.655
1.180,-0.649
1.180,-0.643
1.181,-0.637
1.181,-0.630
1.182,-0.624
1.182,-0.618
1.183,-0.611
1.183,-0.605
1.184,-0.599
1.184,-0.592
1.185,-0.586
1.185,-0.579
1.186,-0.573
1.186,-0.567
1.187,-0.560
1.187,-0.554
1.188,-0.547
1.188,-0.541
1.189,-0.534
1.189,-0.528
1.190,-0.521
1.190,-0.515
1.191,-0.508
1.191,-0.502
1.192,-0.495
1.192,-0.489
1.193,-0.482
1.193,-0.476
1.194,-0.469
1.194,-0.462
1.195,-0.456
1.195,-0.449
1.196,-0.443
1.196,-0.436
1.197,-0.429
1.197,-0.423
1.198,-0.416
1.198,-0.410
1.199,-0.403
1.199,-0.396
1.200,-0.390
1.200,-0.383
1.201,-0.376
1.201,-0.370
1.202,-0.363
1.202,-0.356
1.203,-0.349
1.203,-0.343
1.204,-0.336
1.204,-0.329
1.205,-0.323
1.205,-0.316
1.206,-0.309
1.206,-0.302
1.207,-0.296
1.207,-0.289
1.208,-0.282
1.208,-0.275
1.209,-0.269
1.209,-0.262
1.210,-0.255
1.210,-0.248
1.211,-0.242
1.211,-0.235
1.212,-0.228
1.212,-0.221
1.213,-0.215
1.213,-0.208
1.214,-0.201
1.214,-0.194
1.215,-0.187
1.215,-0.181
1.216,-0.174
1.216,-0.167
1.217,-0.160
1.217,-0.154
1.218,-0.147
1.218,-0.140
1.219,-0.133
1.219,-0.126
1.220,-0.120
1.220,-0.113
1.221,-0.106
1.221,-0.099
1.222,-0.092
1.222,-0.086
1.223,-0.079
1.223,-0.072
1.224,-0.065
1.224,-0.059
1.225,-0.052
1.225,-0.045
1.226,-0.038
1.226,-0.031
1.227,-0.025
1.227,-0.018
1.228,-0.011
1.228,-0.004
1.229,0.002
1.229,0.009
1.230,0.016
1.230,0.023
1.231,0.029
1.231,0.036
1.232,0.043
1.232,0.050
1.233,0.056
1.233,0.063
1.234,0.070
1.234,0.076
1.235,0.083
1.235,0.090
1.236,0.096
1.236,0.103
1.237,0.110
1.237,0.116
1.238,0.123
1.238,0.130
1.239,0.136
1.239,0.143
1.240,0.150
1.240,0.156
1.241,0.163
1.241,0.170
1.242,0.176
1.242,0.183
1.243,0.189
1.243,0.196
1.244,0.203
1.244,0.209
1.245,0.216
1.245,0.222
1.246,0.229
1.246,0.235
1.247,0.242
1.247,0.248
1.248,0.255
1.248,0.261
1.249,0.268
1.249,0.274
1.250,0.281
1.250,0.287
1.251,0.294
1.251,0.300
1.252,0.307
1.252,0.313
1.253,0.319
1.253,0.326
1.254,0.332
1.254,0.338
1.255,0.345
1.255,0.351
1.256,0.358
1.256,0.364
1.257,0.370
1.257,0.376
1.258,0.383
1.258,0.389
1.259,0.395
1.259,0.401
1.260,0.408
1.260,0.414
1.261,0.420
1.261,0.426
1.262,0.432
1.262,0.439
1.263,0.445
1.263,0.451
1.264,0.457
1.264,0.463
1.265,0.469
1.265,0.475
1.266,0.481
1.266,0.487
1.267,0.493
1.267,0.499
1.268,0.505
1.268,0.511
1.269,0.517
1.269,0.523
1.270,0.529
1.270,0.535
1.271,0.541
1.271,0.547
1.272,0.553
1.272,0.559
1.273,0.564
1.273,0.570
1.274,0.576
1.274,0.582
1.275,0.588
1.275,0.593
1.276,0.599
1.276,0.605
1.277,0.610
1.277,0.616
1.278,0.622
1.278,0.627
1.279,0.633
1.279,0.639
1.280,0.644
1.280,0.650
1.281,0.655
1.281,0.661
1.282,0.666
1.282,0.672
1.283,0.677
1.283,0.683
1.284,0.688
1.284,0.693
1.285,0.699
1.285,0.704
1.286,0.710
1.286,0.715
1.287,0.720
1.287,0.725
1.288,0.731
1.288,0.736
1.289,0.741
1.289,0.746
1.290,0.752
1.290,0.757
1.291,0.762
1.291,0.767
1.292,0.772
1.292,0.777
1.293,0.782
1.293,0.787
1.294,0.792
1.294,0.797
1.295,0.802
1.295,0.807
1.296,0.812
1.296,0.817
1.297,0.822
1.297,0.826
1.298,0.831
1.298,0.836
1.299,0.841
1.299,0.845
1.300,0.850
1.300,0.855
1.301,0.860
1.301,0.864
1.302,0.869
1.302,0.873
1.303,0.878
1.303,0.882
1.304,0.887
1.304,0.892
1.305,0.896
1.305,0.900
1.306,0.905
1.306,0.909
1.307,0.914
1.307,0.918
1.308,0.922
1.308,0.927
1.309,0.931
1.309,0.935
1.310,0.939
1.310,0.943
1.311,0.948
1.311,0.952
1.312,0.956
1.312,0.960
1.313,0.964
1.313,0.968
1.314,0.972
1.314,0.976
1.315,0.980
1.315,0.984
1.316,0.988
1.316,0.992
1.317,0.996
1.317,0.999
1.318,1.003
1.318,1.007
1.319,1.011
1.319,1.014
1.320,1.018
1.320,1.022
1.321,1.025
1.321,1.029
1.322,1.033
1.322,1.036
1.323,1.040
1.323,1.043
1.324,1.047
1.324,1.050
1.325,1.053
1.325,1.057
1.326,1.060
1.326,1.063
1.327,1.067
1.327,1.070
1.328,1.073
1.328,1.076
1.329,1.080
1.329,1.083
1.330,1.086
1.330,1.089
1.331,1.092
1.331,1.095
1.332,1.098
1.332,1.101
1.333,1.104
1.333,1.107
1.334,1.110
1.334,1.112
1.335,1.115
1.335,1.118
1.336,1.121
1.336,1.124
1.337,1.126
1.337,1.129
1.338,1.132
1.338,1.134
1.339,1.137
1.339,1.139
1.340,1.142
1.340,1.144
1.341,1.147
1.341,1.149
1.342,1.152
1.342,1.154
1.343,1.156
1.343,1.159
1.344,1.161
1.344,1.163
1.345,1.165
1.345,1.168
1.346,1.170
1.346,1.172
1.347,1.174
1.347,1.176
1.348,1.178
1.348,1.180
1.349,1.182
1.349,1.184
1.350,1.186
1.350,1.188
1.351,1.190
1.351,1.191
1.352,1.193
1.352,1.195
1.353,1.197
1.353,1.198
1.354,1.200
1.354,1.202
1.355,1.203
1.355,1.205
1.356,1.206
1.356,1.208
1.357,1.209
1.357,1.211
1.358,1.212
1.358,1.214
1.359,1.215
1.359,1.216
1.360,1.218
1.360,1.219
1.361,1.220
1.361,1.221
1.362,1.222
1.362,1.223
1.363,1.225
1.363,1.226
1.364,1.227
1.364,1.228
1.365,1.229
1.365,1.230
1.366,1.230
1.366,1.231
1.367,1.232
1.367,1.233
1.368,1.234
1.368,1.235
1.369,1.235
1.369,1.236
1.370,1.237
1.370,1.237
1.371,1.238
1.371,1.238
1.372,1.239
1.372,1.239
1.373,1.240
1.373,1.240
1.374,1.241
1.374,1.241
1.375,1.241
1.375,1.242
1.376,1.242
1.376,1.242
1.377,1.242
1.377,1.243
1.378,1.243
1.378,1.243
1.379,1.243
1.379,1.243
1.380,1.243
1.380,1.243
1.381,1.243
1.381,1.243
1.382,1.243
1.382,1.243
1.383,1.242
1.383,1.242
1.384,1.242
1.384,1.242
1.385,1.241
1.385,1.241
1.386,1.241
1.386,1.240
1.387,1.240
1.387,1.240
1.388,1.239
1.388,1.239
1.389,1.238
1.389,1.237
1.390,1.237
1.390,1.236
1.391,1.235
1.391,1.235
1.392,1.234
1.392,1.233
1.393,1.233
1.393,1.232
1.394,1.231
1.394,1.230
1.395,1.229
1.395,1.228
1.396,1.227
1.396,1.226
1.397,1.225
1.397,1.224
1.398,1.223
1.398,1.222
1.399,1.221
1.399,1.219
1.400,1.218
1.400,1.217
1.401,1.216
1.401,1.214
1.402,1.213
1.402,1.212
1.403,1.210
1.403,1.209
1.404,1.207
1.404,1.206
1.405,1.204
1.405,1.203
1.406,1.201
1.406,1.200
1.407,1.198
1.407,1.196
1.408,1.195
1.408,1.193
1.409,1.191
1.409,1.189
1.410,1.188
1.410,1.186
1.411,1.184
1.411,1.182
1.412,1.180
1.412,1.178
1.413,1.176
1.413,1.174
1.414,1.172
1.414,1.170
1.415,1.168
1.415,1.166
1.416,1.163
1.416,1.161
1.417,1.159
1.417,1.157
1.418,1.155
1.418,1.152
1.419,1.150
1.419,1.148
1.420,1.145
1.420,1.143
1.421,1.140
1.421,1.138
1.422,1.135
1.422,1.133
1.423,1.130
1.423,1.128
1.424,1.125
1.424,1.122
1.425,1.120
1.425,1.117
1.426,1.114
1.426,1.112
1.427,1.109
1.427,1.106
1.428,1.103
1.428,1.100
1.429,1.098
1.429,1.095
1.430,1.092
1.430,1.089
1.431,1.086
1.431,1.083
1.432,1.080
1.432,1.077
1.433,1.074
1.433,1.070
1.434,1.067
1.434,1.064
1.435,1.061
1.435,1.058
1.436,1.055
1.436,1.051
1.437,1.048
1.437,1.045
1.438,1.041
1.438,1.038
1.439,1.035
1.439,1.031
1.440,1.028
1.440,1.024
1.441,1.021
1.441,1.017
1.442,1.014
1.442,1.010
1.443,1.007
1.443,1.003
1.444,0.999
1.444,0.996
1.445,0.992
1.445,0.988
1.446,0.985
1.446,0.981
1.447,0.977
1.447,0.973
1.448,0.970
1.448,0.966
1.449,0.962
1.449,0.958
1.450,0.954
1.450,0.950
1.451,0.946
1.451,0.942
1.452,0.938
1.452,0.934
1.453,0.930
1.453,0.926
1.454,0.922
1.454,0.918
1.455,0.914
1.455,0.910
1.456,0.906
1.456,0.901
1.457,0.897
1.457,0.893
1.458,0.889
1.458,0.884
1.459,0.880
1.459,0.876
1.460,0.872
1.460,0.867
1.461,0.863
1.461,0.858
1.462,0.854
1.462,0.850
1.463,0.845
1.463,0.841
1.464,0.836
1.464,0.832
1.465,0.827
1.465,0.823
1.466,0.818
1.466,0.814
1.467,0.809
1.467,0.804
1.468,0.800
1.468,0.795
1.469,0.790
1.469,0.786
1.470,0.781
1.470,0.776
1.471,0.772
1.471,0.767
1.472,0.762
1.472,0.757
1.473,0.752
1.473,0.748
1.474,0.743
1.474,0.738
1.475,0.733
1.475,0.728
1.476,0.723
1.476,0.718
1.477,0.713
1.477,0.709
1.478,0.704
1.478,0.699
1.479,0.694
1.479,0.689
1.480,0.684
1.480,0.678
1.481,0.673
1.481,0.668
1.482,0.663
1.482,0.658
1.483,0.653
1.483,0.648
1.484,0.643
1.484,0.638
1.485,0.633
1.485,0.627
1.486,0.622
1.486,0.617
1.487,0.612
1.487,0.606
1.488,0.601
1.488,0.596
1.489,0.591
1.489,0.585
1.490,0.580
1.490,0.575
1.491,0.570
1.491,0.564
1.492,0.559
1.492,0.553
1.493,0.548
1.493,0.543
1.494,0.537
1.494,0.532
1.495,0.527
1.495,0.521
1.496,0.516
1.496,0.510
1.497,0.505
1.497,0.499
1.498,0.494
1.498,0.488
1.499,0.483
1.499,0.477
1.500,0.472
1.500,0.466
1.501,0.461
1.501,0.455
1.502,0.450
1.502,0.444
1.503,0.439
1.503,0.433
1.504,0.428
1.504,0.422
1.505,0.416
1.505,0.411
1.506,0.405
1.506,0.400
1.507,0.394
1.507,0.388
1.508,0.383
1.508,0.377
1.509,0.371
1.509,0.366
1.510,0.360
1.510,0.354
1.511,0.349
1.511,0.343
1.512,0.337
1.512,0.332
1.513,0.326
1.513,0.320
1.514,0.314
1.514,0.309
1.515,0.303
1.515,0.297
1.516,0.292
1.516,0.286
1.517,0.280
1.517,0.274
1.518,0.269
1.518,0.263
1.519,0.257
1.519,0.251
1.520,0.246
1.520,0.240
1.521,0.234
1.521,0.228
1.522,0.223
1.522,0.217
1.523,0.211
1.523,0.205
1.524,0.199
1.524,0.194
1.525,0.188
1.525,0.182
1.526,0.176
1.526,0.170
1.527,0.165
1.527,0.159
1.528,0.153
1.528,0.147
1.529,0.141
1.529,0.136
1.530,0.130
1.530,0.096
1.531,0.062
1.531,0.028
1.532,-0.007
1.532,-0.043
1.533,-0.078
1.533,-0.114
1.534,-0.151
1.534,-0.188
1.535,-0.225
1.535,-0.262
1.536,-0.299
1.536,-0.337
1.537,-0.375
1.537,-0.414
1.538,-0.452
1.538,-0.491
1.539,-0.529
1.539,-0.568
1.540,-0.607
1.540,-0.646
1.541,-0.685
1.541,-0.725
1.542,-0.764
1.542,-0.804
1.543,-0.843
1.543,-0.882
1.544,-0.922
1.544,-0.961
1.545,-1.001
1.545,-1.041
1.546,-1.080
1.546,-1.120
1.547,-1.159
1.547,-1.198
1.548,-1.238
1.548,-1.277
1.549,-1.316
1.549,-1.355
1.550,-1.395
1.550,-1.434
1.551,-1.472
1.551,-1.511
1.552,-1.550
1.552,-1.589
1.553,-1.627
1.553,-1.666
1.554,-1.704
1.554,-1.742
1.555,-1.780
1.555,-1.818
1.556,-1.856
1.556,-1.893
1.557,-1.931
1.557,-1.968
1.558,-2.005
1.558,-2.042
1.559,-2.079
1.559,-2.116
1.560,-2.152
1.560,-2.189
1.561,-2.225
1.561,-2.261
1.562,-2.297
1.562,-2.333
1.563,-2.369
1.563,-2.404
1.564,-2.439
1.564,-2.474
1.565,-2.509
1.565,-2.544
1.566,-2.579
1.566,-2.613
1.567,-2.648
1.567,-2.682
1.568,-2.716
1.568,-2.749
1.569,-2.783
1.569,-2.816
1.570,-2.850
1.570,-2.883
1.571,-2.916
1.571,-2.948
1.572,-2.981
1.572,-3.014
1.573,-3.046
1.573,-3.078
1.574,-3.110
1.574,-3.142
1.575,-3.173
1.575,-3.205
1.576,-3.236
1.576,-3.267
1.577,-3.298
1.577,-3.329
1.578,-3.359
1.578,-3.390
1.579,-3.420
1.579,-3.450
1.580,-3.480
1.580,-3.510
1.581,-3.539
1.581,-3.569
1.582,-3.598
1.582,-3.627
1.583,-3.656
1.583,-3.685
1.584,-3.714
1.584,-3.742
1.585,-3.771
1.585,-3.799
1.586,-3.827
1.586,-3.855
1.587,-3.882
1.587,-3.910
1.588,-3.937
1.588,-3.965
1.589,-3.992
1.589,-4.019
1.590,-4.046
1.590,-4.072
1.591,-4.099
1.591,-4.125
1.592,-4.152
1.592,-4.178
1.593,-4.204
1.593,-4.229
1.594,-4.255
1.594,-4.280
1.595,-4.306
1.595,-4.331
1.596,-4.356
1.596,-4.381
1.597,-4.406
1.597,-4.430
1.598,-4.455
1.598,-4.479
1.599,-4.503
1.599,-4.527
1.600,-4.551
1.600,-4.575
1.601,-4.599
1.601,-4.622
1.602,-4.646
1.602,-4.669
1.603,-4.692
1.603,-4.715
1.604,-4.737
1.604,-4.760
1.605,-4.783
1.605,-4.805
1.606,-4.827
1.606,-4.849
1.607,-4.871
1.607,-4.893
1.608,-4.914
1.608,-4.936
1.609,-4.957
1.609,-4.978
1.610,-4.999
1.610,-5.020
1.611,-5.041
1.611,-5.062
1.612,-5.082
1.612,-5.103
1.613,-5.123
1.613,-5.143
1.614,-5.163
1.614,-5.183
1.615,-5.202
1.615,-5.222
1.616,-5.241
1.616,-5.260
1.617,-5.279
1.617,-5.298
1.618,-5.317
1.618,-5.335
1.619,-5.354
1.619,-5.372
1.620,-5.390
1.620,-5.408
1.621,-5.426
1.621,-5.444
1.622,-5.462
1.622,-5.479
1.623,-5.496
1.623,-5.513
1.624,-5.530
1.624,-5.547
1.625,-5.564
1.625,-5.581
1.626,-5.597
1.626,-5.613
1.627,-5.629
1.627,-5.645
1.628,-5.661
1.628,-5.677
1.629,-5.692
1.629,-5.708
1.630,-5.723
1.630,-5.738
1.631,-5.753
1.631,-5.768
1.632,-5.782
1.632,-5.797
1.633,-5.811
1.633,-5.825
1.634,-5.839
1.634,-5.853
1.635,-5.867
1.635,-5.880
1.636,-5.893
1.636,-5.907
1.637,-5.920
1.637,-5.933
1.638,-5.945
1.638,-5.958
1.639,-5.970
1.639,-5.983
1.640,-5.995
1.640,-6.007
1.641,-6.019
1.641,-6.030
1.642,-6.042
1.642,-6.053
1.643,-6.064
1.643,-6.075
1.644,-6.086
1.644,-6.097
1.645,-6.108
1.645,-6.118
1.646,-6.128
1.646,-6.138
1.647,-6.148
1.647,-6.158
1.648,-6.168
1.648,-6.177
1.649,-6.186
1.649,-6.196
1.650,-6.204
1.650,-6.213
1.651,-6.222
1.651,-6.230
1.652,-6.239
1.652,-6.247
1.653,-6.255
1.653,-6.263
1.654,-6.270
1.654,-6.278
1.655,-6.285
1.655,-6.293
1.656,-6.300
1.656,-6.306
1.657,-6.313
1.657,-6.320
1.658,-6.326
1.658,-6.332
1.659,-6.338
1.659,-6.344
1.660,-6.350
1.660,-6.355
1.661,-6.360
1.661,-6.364
1.662,-6.367
1.662,-6.369
1.663,-6.371
1.663,-6.372
1.664,-6.373
1.664,-6.372
1.665,-6.372
1.665,-6.370
1.666,-6.369
1.666,-6.366
1.667,-6.364
1.667,-6.361
1.668,-6.357
1.668,-6.353
1.669,-6.349
1.669,-6.344
1.670,-6.339
1.670,-6.334
1.671,-6.328
1.671,-6.319
1.672,-6.305
1.672,-6.286
1.673,-6.262
1.673,-6.235
1.674,-6.203
1.674,-6.168
1.675,-6.129
1.675,-6.087
1.676,-6.042
1.676,-5.995
1.677,-5.945
1.677,-5.893
1.678,-5.839
1.678,-5.783
1.679,-5.726
1.679,-5.667
1.680,-5.607
1.680,-5.484
1.681,-5.250
1.681,-4.911
1.682,-4.476
1.682,-3.956
1.683,-3.363
1.683,-2.711
1.684,-2.016
1.684,-1.292
1.685,-0.556
1.685,-1.021
1.686,-1.405
1.686,-1.702
1.687,-1.911
1.687,-2.031
1.688,-2.061
1.688,-2.003
1.689,-1.863
1.689,-1.643
1.690,-1.352
1.690,-0.997
1.691,-0.586
1.691,-0.130
1.692,0.361
1.692,0.875
1.693,1.403
1.693,1.931
1.694,2.449
1.694,2.946
1.695,3.411
1.695,3.834
1.696,4.207
1.696,4.521
1.697,4.771
1.697,4.950
1.698,5.054
1.698,5.083
1.699,5.033
1.699,4.907
1.700,4.705
1.700,4.515
1.701,4.257
1.701,3.936
1.702,3.558
1.702,3.128
1.703,2.656
1.703,2.150
1.704,1.619
1.704,1.072
1.705,0.520
1.705,-0.027
1.706,-0.560
1.706,-1.069
1.707,-1.545
1.707,-1.980
1.708,-2.366
1.708,-2.697
1.709,-2.968
1.709,-3.173
1.710,-3.310
1.710,-3.378
1.711,-3.376
1.711,-3.305
1.712,-3.167
1.712,-2.965
1.713,-2.705
1.713,-2.392
1.714,-2.033
1.714,-1.635
1.715,-1.205
1.715,-0.754
1.716,-0.290
1.716,0.179
1.717,0.642
1.717,1.091
1.718,1.518
1.718,1.914
1.719,2.271
1.719,2.584
1.720,2.846
1.720,3.053
1.721,3.200
1.721,3.286
1.722,3.309
1.722,3.268
1.723,3.166
1.723,3.004
1.724,2.786
1.724,2.516
1.725,2.200
1.725,1.844
1.726,1.454
1.726,1.039
1.727,0.607
1.727,0.165
1.728,-0.277
1.728,-0.712
1.729,-1.131
1.729,-1.526
1.730,-1.890
1.730,-2.217
1.731,-2.500
1.731,-2.735
1.732,-2.917
1.732,-3.043
1.733,-3.112
1.733,-3.123
1.734,-3.075
1.734,-2.971
1.735,-2.812
1.735,-2.603
1.736,-2.347
1.736,-2.050
1.737,-1.718
1.737,-1.357
1.738,-0.975
1.738,-0.578
1.739,-0.175
1.739,0.227
1.740,0.620
1.740,0.997
1.741,1.350
1.741,1.674
1.742,1.963
1.742,2.210
1.743,2.412
1.743,2.565
1.744,2.667
1.744,2.716
1.745,2.711
1.745,2.654
1.746,2.545
1.746,2.387
1.747,2.184
1.747,1.939
1.748,1.658
1.748,1.346
1.749,1.009
1.749,0.654
1.750,0.289
1.750,-0.081
1.751,-0.447
1.751,-0.804
1.752,-1.143
1.752,-1.460
1.753,-1.747
1.753,-2.000
1.754,-2.215
1.754,-2.386
1.755,-2.512
1.755,-2.591
1.756,-2.620
1.756,-2.601
1.757,-2.533
1.757,-2.419
1.758,-2.261
1.758,-2.061
1.759,-1.826
1.759,-1.558
1.760,-1.264
1.760,-0.948
1.761,-0.618
1.761,-0.280
1.762,0.060
1.762,0.395
1.763,0.720
1.763,1.028
1.764,1.313
1.764,1.570
1.765,1.795
1.765,1.983
1.766,2.131
1.766,2.237
1.767,2.298
1.767,2.315
1.768,2.287
1.768,2.215
1.769,2.101
1.769,1.947
1.770,1.757
1.770,1.534
1.771,1.283
1.771,1.008
1.772,0.716
1.772,0.412
1.773,0.102
1.773,-0.208
1.774,-0.513
1.774,-0.806
1.775,-1.081
1.775,-1.335
1.776,-1.562
1.776,-1.758
1.777,-1.919
1.777,-2.043
1.778,-2.128
1.778,-2.172
1.779,-2.175
1.779,-2.137
1.780,-2.059
1.780,-1.943
1.781,-1.791
1.781,-1.606
1.782,-1.393
1.782,-1.156
1.783,-0.899
1.783,-0.626
1.784,-0.345
1.784,-0.059
1.785,0.225
1.785,0.503
1.786,0.768
1.786,1.017
1.787,1.244
1.787,1.445
1.788,1.618
1.788,1.758
1.789,1.863
1.789,1.932
1.790,1.963
1.790,1.956
1.791,1.913
1.791,1.832
1.792,1.718
1.792,1.571
1.793,1.395
1.793,1.194
1.794,0.972
1.794,0.732
1.795,0.481
1.795,0.221
1.796,-0.040
1.796,-0.299
1.797,-0.551
1.797,-0.790
1.798,-1.013
1.798,-1.215
1.799,-1.392
1.799,-1.542
1.800,-1.661
1.800,-1.748
1.801,-1.801
1.801,-1.820
1.802,-1.804
1.802,-1.754
1.803,-1.671
1.803,-1.557
1.804,-1.415
1.804,-1.246
1.805,-1.056
1.805,-0.847
1.806,-0.624
1.806,-0.391
1.807,-0.152
1.807,0.088
1.808,0.324
1.808,0.552
1.809,0.768
1.809,0.968
1.810,1.147
1.810,1.304
1.811,1.434
1.811,1.536
1.812,1.608
1.812,1.649
1.813,1.658
1.813,1.635
1.814,1.581
1.814,1.498
1.815,1.387
1.815,1.250
1.816,1.090
1.816,0.911
1.817,0.716
1.817,0.509
1.818,0.293
1.818,0.074
1.819,-0.146
1.819,-0.361
1.820,-0.567
1.820,-0.761
1.821,-0.939
1.821,-1.098
1.822,-1.235
1.822,-1.347
1.823,-1.433
1.823,-1.491
1.824,-1.521
1.824,-1.521
1.825,-1.492
1.825,-1.435
1.826,-1.352
1.826,-1.243
1.827,-1.111
1.827,-0.960
1.828,-0.791
1.828,-0.609
1.829,-0.417
1.829,-0.218
1.830,-0.016
1.830,0.184
1.831,0.379
1.831,0.566
1.832,0.740
1.832,0.899
1.833,1.039
1.833,1.159
1.834,1.256
1.834,1.328
1.835,1.375
1.835,1.395
1.836,1.388
1.836,1.355
1.837,1.296
1.837,1.213
1.838,1.108
1.838,0.983
1.839,0.839
1.839,0.681
1.840,0.511
1.840,0.333
1.841,0.150
1.841,-0.035
1.842,-0.217
1.842,-0.394
1.843,-0.563
1.843,-0.719
1.844,-0.860
1.844,-0.984
1.845,-1.088
1.845,-1.171
1.846,-1.231
1.846,-1.266
1.847,-1.278
1.847,-1.265
1.848,-1.228
1.848,-1.168
1.849,-1.087
1.849,-0.985
1.850,-0.865
1.850,-0.730
1.851,-0.582
1.851,-0.424
1.852,-0.259
1.852,-0.091
1.853,0.078
1.853,0.244
1.854,0.405
1.854,0.556
1.855,0.696
1.855,0.821
1.856,0.930
1.856,1.020
1.857,1.091
1.857,1.140
1.858,1.167
1.858,1.172
1.859,1.154
1.859,1.115
1.860,1.055
1.860,0.975
1.861,0.877
1.861,0.764
1.862,0.637
1.862,0.498
1.863,0.352
1.863,0.200
1.864,0.045
1.864,-0.110
1.865,-0.261
1.865,-0.406
1.866,-0.542
1.866,-0.667
1.867,-0.778
1.867,-0.873
1.868,-0.951
1.868,-1.010
1.869,-1.050
1.869,-1.069
1.870,-1.068
1.870,-1.046
1.871,-1.005
1.871,-0.945
1.872,-0.867
1.872,-0.773
1.873,-0.666
1.873,-0.546
1.874,-0.417
1.874,-0.282
1.875,-0.141
1.875,0.001
1.876,0.142
1.876,0.279
1.877,0.410
1.877,0.532
1.878,0.643
1.878,0.741
1.879,0.824
1.879,0.891
1.880,0.941
1.880,0.972
1.881,0.985
1.881,0.979
1.882,0.954
1.882,0.912
1.883,0.853
1.883,0.778
1.884,0.688
1.884,0.587
1.885,0.475
1.885,0.355
1.886,0.229
1.886,0.100
1.887,-0.030
1.887,-0.158
1.888,-0.283
1.888,-0.400
1.889,-0.510
1.889,-0.608
1.890,-0.695
1.890,-0.767
1.891,-0.824
1.891,-0.865
1.892,-0.889
1.892,-0.896
1.893,-0.886
1.893,-0.859
1.894,-0.816
1.894,-0.758
1.895,-0.685
1.895,-0.600
1.896,-0.505
1.896,-0.400
1.897,-0.289
1.897,-0.172
1.898,-0.054
1.898,0.065
1.899,0.182
1.899,0.294
1.900,0.400
1.900,0.498
1.901,0.586
1.901,0.661
1.902,0.724
1.902,0.773
1.903,0.806
1.903,0.824
1.904,0.827
1.904,0.813
1.905,0.785
1.905,0.742
1.906,0.685
1.906,0.615
1.907,0.535
1.907,0.445
1.908,0.347
1.908,0.244
1.909,0.137
1.909,0.028
1.910,-0.081
1.910,-0.187
1.911,-0.288
1.911,-0.383
1.912,-0.471
1.912,-0.548
1.913,-0.614
1.913,-0.668
1.914,-0.709
1.914,-0.736
1.915,-0.749
1.915,-0.747
1.916,-0.731
1.916,-0.701
1.917,-0.658
1.917,-0.602
1.918,-0.536
1.918,-0.460
1.919,-0.375
1.919,-0.284
1.920,-0.189
1.920,-0.090
1.921,0.010
1.921,0.109
1.922,0.205
1.922,0.296
1.923,0.382
1.923,0.459
1.924,0.528
1.924,0.585
1.925,0.632
1.925,0.666
1.926,0.687
1.926,0.695
1.927,0.690
1.927,0.672
1.928,0.642
1.928,0.599
1.929,0.546
1.929,0.483
1.930,0.411
1.930,0.332
1.931,0.247
1.931,0.159
1.932,0.068
1.932,-0.023
1.933,-0.113
1.933,-0.200
1.934,-0.282
1.934,-0.359
1.935,-0.427
1.935,-0.488
1.936,-0.538
1.936,-0.577
1.937,-0.605
1.937,-0.621
1.938,-0.626
1.938,-0.618
1.939,-0.598
1.939,-0.567
1.940,-0.525
1.940,-0.474
1.941,-0.414
1.941,-0.346
1.942,-0.273
1.942,-0.194
1.943,-0.112
1.943,-0.029
1.944,0.054
1.944,0.136
1.945,0.215
1.945,0.289
1.946,0.357
1.946,0.418
1.947,0.471
1.947,0.514
1.948,0.548
1.948,0.571
1.949,0.583
1.949,0.584
1.950,0.574
1.950,0.553
1.951,0.522
1.951,0.482
1.952,0.432
1.952,0.376
1.953,0.312
1.953,0.243
1.954,0.171
1.954,0.095
1.955,0.019
1.955,-0.057
1.956,-0.131
1.956,-0.202
1.957,-0.268
1.957,-0.329
1.958,-0.383
1.958,-0.429
1.959,-0.466
1.959,-0.494
1.960,-0.513
1.960,-0.521
1.961,-0.519
1.961,-0.507
1.962,-0.486
1.962,-0.455
1.963,-0.416
1.963,-0.369
1.964,-0.315
1.964,-0.255
1.965,-0.191
1.965,-0.124
1.966,-0.055
1.966,0.015
1.967,0.085
1.967,0.152
1.968,0.216
1.968,0.275
1.969,0.329
1.969,0.377
1.970,0.417
1.970,0.449
1.971,0.472
1.971,0.487
1.972,0.492
1.972,0.488
1.973,0.475
1.973,0.453
1.974,0.423
1.974,0.385
1.975,0.340
1.975,0.290
1.976,0.234
1.976,0.175
1.977,0.112
1.977,0.049
1.978,-0.015
1.978,-0.078
1.979,-0.139
1.979,-0.196
1.980,-0.249
1.980,-0.297
1.981,-0.339
1.981,-0.373
1.982,-0.401
1.982,-0.420
1.983,-0.431
1.983,-0.433
1.984,-0.427
1.984,-0.413
1.985,-0.391
1.985,-0.361
1.986,-0.325
1.986,-0.282
1.987,-0.235
1.987,-0.183
1.988,-0.127
1.988,0.995
1.989,2.026
1.989,2.946
1.990,3.738
1.990,4.427
1.991,5.081
1.991,5.699
1.992,6.282
1.992,6.831
1.993,7.346
1.993,7.829
1.994,8.280
1.994,8.699
1.995,9.089
1.995,9.449
1.996,9.781
1.996,10.084
1.997,10.366
1.997,10.631
1.998,10.878
1.998,11.109
1.999,11.325
1.999,11.526
2.000,11.712
2.000,11.883
2.001,12.042
2.001,12.187
2.002,12.320
2.002,12.440
2.003,12.551
2.003,12.651
2.004,12.742
2.004,12.823
2.005,12.897
2.005,12.961
2.006,13.018
2.006,13.067
2.007,13.109
2.007,13.144
2.008,13.172
2.008,13.193
2.009,13.209
2.009,13.219
2.010,13.223
2.010,13.222
2.011,13.216
2.011,13.206
2.012,13.191
2.012,13.172
2.013,13.148
2.013,13.121
2.014,13.091
2.014,13.057
2.015,13.020
2.015,12.980
2.016,12.937
2.016,12.892
2.017,12.844
2.017,12.794
2.018,12.742
2.018,12.689
2.019,12.633
2.019,12.576
2.020,12.517
2.020,12.457
2.021,12.396
2.021,12.333
2.022,12.270
2.022,12.206
2.023,12.141
2.023,12.075
2.024,12.009
2.024,11.942
2.025,11.875
2.025,11.808
2.026,11.741
2.026,11.673
2.027,11.605
2.027,11.538
2.028,11.470
2.028,11.402
2.029,11.335
2.029,11.268
2.030,11.201
2.030,11.135
2.031,11.068
2.031,11.003
2.032,10.937
2.032,10.873
2.033,10.808
2.033,10.745
2.034,10.682
2.034,10.619
2.035,10.557
2.035,10.496
2.036,10.436
2.036,10.376
2.037,10.317
2.037,10.258
2.038,10.200
2.038,10.144
2.039,10.087
2.039,10.032
2.040,9.977
2.040,9.923
2.041,9.870
2.041,9.818
2.042,9.766
2.042,9.715
2.043,9.665
2.043,9.616
2.044,9.568
2.044,9.520
2.045,9.473
2.045,9.427
2.046,9.381
2.046,9.336
2.047,9.292
2.047,9.249
2.048,9.206
2.048,9.165
2.049,9.123
2.049,9.083
2.050,9.043
2.050,9.004
2.051,8.965
2.051,8.927
2.052,8.890
2.052,8.853
2.053,8.817
2.053,8.781
2.054,8.746
2.054,8.712
2.055,8.678
2.055,8.644
2.056,8.611
2.056,8.579
2.057,8.547
2.057,8.516
2.058,8.485
2.058,8.454
2.059,8.424
2.059,8.394
2.060,8.365
2.060,8.336
2.061,8.307
2.061,8.279
2.062,8.251
2.062,8.223
2.063,8.196
2.063,8.169
2.064,8.142
2.064,8.115
2.065,8.089
2.065,8.063
2.066,8.037
2.066,8.012
2.067,7.987
2.067,7.961
2.068,7.936
2.068,7.912
2.069,7.887
2.069,7.863
2.070,7.838
2.070,7.814
2.071,7.790
2.071,7.766
2.072,7.742
2.072,7.718
2.073,7.694
2.073,7.671
2.074,7.647
2.074,7.624
2.075,7.600
2.075,7.576
2.076,7.553
2.076,7.530
2.077,7.506
2.077,7.483
2.078,7.459
2.078,7.436
2.079,7.416
2.079,7.397
2.080,7.380
2.080,7.365
2.081,7.352
2.081,7.340
2.082,7.330
2.082,7.321
2.083,7.314
2.083,7.308
2.084,7.303
2.084,7.299
2.085,7.296
2.085,7.294
2.086,7.293
2.086,7.293
2.087,7.293
2.087,7.295
2.088,7.297
2.088,7.299
2.089,7.302
2.089,7.306
2.090,7.310
2.090,7.315
2.091,7.320
2.091,7.326
2.092,7.331
2.092,7.337
2.093,7.344
2.093,7.350
2.094,7.357
2.094,7.364
2.095,7.371
2.095,7.378
2.096,7.385
2.096,7.392
2.097,7.399
2.097,7.406
2.098,7.413
2.098,7.420
2.099,7.427
2.099,7.434
2.100,7.441
2.100,7.447
2.101,7.454
2.101,7.460
2.102,7.466
2.102,7.472
2.103,7.477
2.103,7.483
2.104,7.488
2.104,7.493
2.105,7.498
2.105,7.502
2.106,7.506
2.106,7.510
2.107,7.514
2.107,7.517
2.108,7.520
2.108,7.523
2.109,7.525
2.109,7.527
2.110,7.528
2.110,7.530
2.111,7.531
2.111,7.531
2.112,7.531
2.112,7.531
2.113,7.531
2.113,7.530
2.114,7.528
2.114,7.527
2.115,7.525
2.115,7.522
2.116,7.519
2.116,7.516
2.117,7.513
2.117,7.509
2.118,7.505
2.118,7.500
2.119,7.495
2.119,7.490
2.120,7.484
2.120,7.479
2.121,7.472
2.121,7.466
2.122,7.459
2.122,7.451
2.123,7.444
2.123,7.436
2.124,7.428
2.124,7.419
2.125,7.410
2.125,7.401
2.126,7.391
2.126,7.382
2.127,7.372
2.127,7.361
2.128,7.351
2.128,7.340
2.129,7.329
2.129,7.317
2.130,7.305
2.130,7.293
2.131,7.281
2.131,7.269
2.132,7.256
2.132,7.243
2.133,7.230
2.133,7.216
2.134,7.202
2.134,7.188
2.135,7.174
2.135,7.160
2.136,7.145
2.136,7.131
2.137,7.116
2.137,7.100
2.138,7.085
2.138,7.069
2.139,7.054
2.139,7.038
2.140,7.022
2.140,7.005
2.141,6.989
2.141,6.972
2.142,6.955
2.142,6.938
2.143,6.921
2.143,6.904
2.144,6.887
2.144,6.869
2.145,6.851
2.145,6.833
2.146,6.815
2.146,6.797
2.147,6.779
2.147,6.761
2.148,6.742
2.148,6.724
2.149,6.705
2.149,6.686
2.150,6.667
2.150,6.648
2.151,6.629
2.151,6.610
2.152,6.591
2.152,6.571
2.153,6.552
2.153,6.532
2.154,6.512
2.154,6.493
2.155,6.473
2.155,6.453
2.156,6.433
2.156,6.413
2.157,6.393
2.157,6.373
2.158,6.352
2.158,6.332
2.159,6.312
2.159,6.291
2.160,6.271
2.160,6.250
2.161,6.230
2.161,6.209
2.162,6.188
2.162,6.167
2.163,6.147
2.163,6.126
2.164,6.105
2.164,6.084
2.165,6.063
2.165,6.042
2.166,6.021
2.166,6.000
2.167,5.979
2.167,5.958
2.168,5.937
2.168,5.916
2.169,5.894
2.169,5.873
2.170,5.852
2.170,5.831
2.171,5.809
2.171,5.788
2.172,5.767
2.172,5.745
2.173,5.724
2.173,5.703
2.174,5.681
2.174,5.660
2.175,5.638
2.175,5.617
2.176,5.596
2.176,5.574
2.177,5.553
2.177,5.531
2.178,5.510
2.178,5.488
2.179,5.467
2.179,5.445
2.180,5.424
2.180,5.402
2.181,5.381
2.181,5.359
2.182,5.338
2.182,5.316
2.183,5.295
2.183,5.273
2.184,5.252
2.184,5.230
2.185,5.209
2.185,5.187
2.186,5.166
2.186,5.144
2.187,5.123
2.187,5.101
2.188,5.080
2.188,5.058
2.189,5.037
2.189,5.015
2.190,4.994
2.190,4.972
2.191,4.951
2.191,4.929
2.192,4.908
2.192,4.886
2.193,4.865
2.193,4.844
2.194,4.822
2.194,4.801
2.195,4.779
2.195,4.758
2.196,4.736
2.196,4.715
2.197,4.694
2.197,4.672
2.198,4.651
2.198,4.630
2.199,4.608
2.199,4.587
2.200,4.566
2.200,4.544
2.201,4.523
2.201,4.502
2.202,4.480
2.202,4.459
2.203,4.438
2.203,4.417
2.204,4.395
2.204,4.374
2.205,4.353
2.205,4.332
2.206,4.311
2.206,4.289
2.207,4.268
2.207,4.247
2.208,4.226
2.208,4.205
2.209,4.184
2.209,4.162
2.210,4.141
2.210,4.120
2.211,4.099
2.211,4.078
2.212,4.057
2.212,4.036
2.213,4.015
2.213,3.994
2.214,3.973
2.214,3.952
2.215,3.931
2.215,3.910
2.216,3.889
2.216,3.868
2.217,3.847
2.217,3.826
2.218,3.805
2.218,3.784
2.219,3.763
2.219,3.742
2.220,3.721
2.220,3.700
2.221,3.679
2.221,3.659
2.222,3.638
2.222,3.617
2.223,3.596
2.223,3.575
2.224,3.554
2.224,3.534
2.225,3.513
2.225,3.492
2.226,3.471
2.226,3.450
2.227,3.430
2.227,3.409
2.228,3.388
2.228,3.367
2.229,3.347
2.229,3.326
2.230,3.305
2.230,3.285
2.231,3.264
2.231,3.243
2.232,3.222
2.232,3.202
2.233,3.181
2.233,3.161
2.234,3.140
2.234,3.119
2.235,3.099
2.235,3.078
2.236,3.057
2.236,3.037
2.237,3.016
2.237,2.996
2.238,2.975
2.238,2.955
2.239,2.934
2.239,2.913
2.240,2.893
2.240,2.872
2.241,2.852
2.241,2.831
2.242,2.811
2.242,2.790
2.243,2.770
2.243,2.749
2.244,2.729
2.244,2.709
2.245,2.688
2.245,2.668
2.246,2.647
2.246,2.627
2.247,2.606
2.247,2.586
2.248,2.565
2.248,2.545
2.249,2.525
2.249,2.504
2.250,2.484
2.250,2.464
2.251,2.443
2.251,2.423
2.252,2.402
2.252,2.382
2.253,2.362
2.253,2.341
2.254,2.321
2.254,2.301
2.255,2.280
2.255,2.260
2.256,2.240
2.256,2.220
2.257,2.199
2.257,2.179
2.258,2.159
2.258,2.138
2.259,2.118
2.259,2.098
2.260,2.078
2.260,2.057
2.261,2.037
2.261,2.017
2.262,1.997
2.262,1.976
2.263,1.956
2.263,1.936
2.264,1.916
2.264,1.895
2.265,1.875
2.265,1.855
2.266,1.835
2.266,1.815
2.267,1.794
2.267,1.774
2.268,1.754
2.268,1.734
2.269,1.714
2.269,1.694
2.270,1.673
2.270,1.653
2.271,1.633
2.271,1.613
2.272,1.593
2.272,1.573
2.273,1.553
2.273,1.532
2.274,1.512
2.274,1.492
2.275,1.472
2.275,1.452
2.276,1.432
2.276,1.412
2.277,1.392
2.277,1.371
2.278,1.351
2.278,1.331
2.279,1.311
2.279,1.291
2.280,1.271
2.280,1.251
2.281,1.231
2.281,1.211
2.282,1.191
2.282,1.171
2.283,1.151
2.283,1.131
2.284,1.110
2.284,1.090
2.285,1.070
2.285,1.050
2.286,1.030
2.286,1.010
2.287,0.990
2.287,0.970
2.288,0.950
2.288,0.930
2.289,0.910
2.289,0.890
2.290,0.870
2.290,0.850
2.291,0.830
2.291,0.810
2.292,0.790
2.292,0.770
2.293,0.750
2.293,0.730
2.294,0.710
2.294,0.690
2.295,0.670
2.295,0.650
2.296,0.630
2.296,0.610
2.297,0.590
2.297,0.570
2.298,0.550
2.298,0.530
2.299,0.510
2.299,0.490
2.300,0.470
2.300,0.450
2.301,0.430
2.301,0.410
2.302,0.390
2.302,0.370
2.303,0.350
2.303,0.330
2.304,0.310
2.304,0.290
2.305,0.270
2.305,0.250
2.306,0.230
2.306,0.210
2.307,0.190
2.307,0.170
2.308,0.150
2.308,0.130
2.309,0.110
2.309,0.090
2.310,0.070
2.310,0.050
2.311,0.030
2.311,0.010
2.312,-0.010
2.312,-0.030
2.313,-0.050
2.313,-0.070
2.314,-0.090
2.314,-0.110
2.315,-0.130
2.315,-0.150
2.316,-0.170
2.316,-0.190
2.317,-0.210
2.317,-0.230
2.318,-0.250
2.318,-0.270
2.319,-0.289
2.319,-0.309
2.320,-0.329
2.320,-0.349
2.321,-0.369
2.321,-0.389
2.322,-0.409
2.322,-0.429
2.323,-0.449
2.323,-0.469
2.324,-0.489
2.324,-0.509
2.325,-0.529
2.325,-0.549
2.326,-0.569
2.326,-0.589
2.327,-0.609
2.327,-0.629
2.328,-0.649
2.328,-0.669
2.329,-0.689
2.329,-0.709
2.330,-0.729
2.330,-0.749
2.331,-0.769
2.331,-0.789
2.332,-0.809
2.332,-0.829
2.333,-0.849
2.333,-0.869
2.334,-0.889
2.334,-0.909
2.335,-0.929
2.335,-0.949
2.336,-0.969
2.336,-0.989
2.337,-1.009
2.337,-1.030
2.338,-1.050
2.338,-1.070
2.339,-1.090
2.339,-1.110
2.340,-1.130
2.340,-1.150
2.341,-1.170
2.341,-1.190
2.342,-1.210
2.342,-1.230
2.343,-1.250
2.343,-1.270
2.344,-1.290
2.344,-1.310
2.345,-1.330
2.345,-1.350
2.346,-1.370
2.346,-1.391
2.347,-1.411
2.347,-1.431
2.348,-1.451
2.348,-1.471
2.349,-1.491
2.349,-1.511
2.350,-1.531
2.350,-1.551
2.351,-1.571
2.351,-1.592
2.352,-1.612
2.352,-1.632
2.353,-1.652
2.353,-1.672
2.354,-1.692
2.354,-1.712
2.355,-1.732
2.355,-1.753
2.356,-1.773
2.356,-1.793
2.357,-1.813
2.357,-1.833
2.358,-1.853
2.358,-1.874
2.359,-1.894
2.359,-1.914
2.360,-1.934
2.360,-1.954
2.361,-1.975
2.361,-1.995
2.362,-2.015
2.362,-2.035
2.363,-2.055
2.363,-2.076
2.364,-2.096
2.364,-2.116
2.365,-2.136
2.365,-2.156
2.366,-2.177
2.366,-2.197
2.367,-2.217
2.367,-2.237
2.368,-2.258
2.368,-2.278
2.369,-2.298
2.369,-2.319
2.370,-2.339
2.370,-2.359
2.371,-2.379
2.371,-2.400
2.372,-2.420
2.372,-2.440
2.373,-2.461
2.373,-2.481
2.374,-2.501
2.374,-2.522
2.375,-2.542
2.375,-2.562
2.376,-2.583
2.376,-2.603
2.377,-2.623
2.377,-2.644
2.378,-2.664
2.378,-2.685
2.379,-2.705
2.379,-2.725
2.380,-2.746
2.380,-2.766
2.381,-2.787
2.381,-2.807
2.382,-2.827
2.382,-2.848
2.383,-2.868
2.383,-2.889
2.384,-2.909
2.384,-2.930
2.385,-2.950
2.385,-2.971
2.386,-2.991
2.386,-3.012
2.387,-3.032
2.387,-3.053
2.388,-3.073
2.388,-3.094
2.389,-3.114
2.389,-3.135
2.390,-3.155
2.390,-3.176
2.391,-3.196
2.391,-3.217
2.392,-3.237
2.392,-3.258
2.393,-3.279
2.393,-3.299
2.394,-3.320
2.394,-3.340
2.395,-3.361
2.395,-3.382
2.396,-3.402
2.396,-3.423
2.397,-3.444
2.397,-3.464
2.398,-3.485
2.398,-3.506
2.399,-3.526
2.399,-3.547
2.400,-3.568
2.400,-3.588
2.401,-3.609
2.401,-3.630
2.402,-3.651
2.402,-3.671
2.403,-3.692
2.403,-3.713
2.404,-3.734
2.404,-3.754
2.405,-3.775
2.405,-3.796
2.406,-3.817
2.406,-3.838
2.407,-3.858
2.407,-3.879
2.408,-3.900
2.408,-3.921
2.409,-3.942
2.409,-3.963
2.410,-3.983
2.410,-4.004
2.411,-4.025
2.411,-4.046
2.412,-4.067
2.412,-4.088
2.413,-4.109
2.413,-4.130
2.414,-4.151
2.414,-4.172
2.415,-4.193
2.415,-4.214
2.416,-4.235
2.416,-4.256
2.417,-4.277
2.417,-4.298
2.418,-4.319
2.418,-4.340
2.419,-4.361
2.419,-4.382
2.420,-4.403
2.420,-4.424
2.421,-4.445
2.421,-4.466
2.422,-4.487
2.422,-4.509
2.423,-4.530
2.423,-4.551
2.424,-4.572
2.424,-4.593
2.425,-4.614
2.425,-4.635
2.426,-4.657
2.426,-4.678
2.427,-4.699
2.427,-4.720
2.428,-4.742
2.428,-4.763
2.429,-4.784
2.429,-4.805
2.430,-4.827
2.430,-4.848
2.431,-4.869
2.431,-4.891
2.432,-4.912
2.432,-4.933
2.433,-4.955
2.433,-4.976
2.434,-4.997
2.434,-5.019
2.435,-5.040
2.435,-5.062
2.436,-5.083
2.436,-5.104
2.437,-5.126
2.437,-5.147
2.438,-5.169
2.438,-5.190
2.439,-5.212
2.439,-5.233
2.440,-5.255
2.440,-5.276
2.441,-5.298
2.441,-5.320
2.442,-5.341
2.442,-5.363
2.443,-5.384
2.443,-5.406
2.444,-5.428
2.444,-5.449
2.445,-5.471
2.445,-5.493
2.446,-5.514
2.446,-5.536
2.447,-5.558
2.447,-5.579
2.448,-5.601
2.448,-5.623
2.449,-5.645
2.449,-5.666
2.450,-5.688
2.450,-5.710
2.451,-5.732
2.451,-5.754
2.452,-5.775
2.452,-5.797
2.453,-5.819
2.453,-5.841
2.454,-5.863
2.454,-5.885
2.455,-5.907
2.455,-5.929
2.456,-5.951
2.456,-5.973
2.457,-5.995
2.457,-6.017
2.458,-6.039
2.458,-6.061
2.459,-6.083
2.459,-6.105
2.460,-6.127
2.460,-6.149
2.461,-6.171
2.461,-6.193
2.462,-6.215
2.462,-6.237
2.463,-6.259
2.463,-6.282
2.464,-6.304
2.464,-6.326
2.465,-6.348
2.465,-6.370
2.466,-6.393
2.466,-6.415
2.467,-6.437
2.467,-6.459
2.468,-6.482
2.468,-6.504
2.469,-6.526
2.469,-6.549
2.470,-6.571
2.470,-6.593
2.471,-6.616
2.471,-6.638
2.472,-6.661
2.472,-6.683
2.473,-6.706
2.473,-6.728
2.474,-6.751
2.474,-6.773
2.475,-6.796
2.475,-6.818
2.476,-6.841
2.476,-6.863
2.477,-6.886
2.477,-6.908
2.478,-6.931
2.478,-6.954
2.479,-6.976
2.479,-6.999
2.480,-7.022
2.480,-7.044
2.481,-7.067
2.481,-7.090
2.482,-7.113
2.482,-7.135
2.483,-7.158
2.483,-7.181
2.484,-7.204
2.484,-7.227
2.485,-7.249
2.485,-7.272
2.486,-7.295
2.486,-7.318
2.487,-7.341
2.487,-7.364
2.488,-7.387
2.488,-7.410
2.489,-7.433
2.489,-7.456
2.490,-7.479
2.490,-7.502
2.491,-7.525
2.491,-7.548
2.492,-7.571
2.492,-7.594
2.493,-7.617
2.494,-7.641
2.494,-7.664
2.495,-7.687
2.495,-7.710
2.496,-7.733
2.496,-7.757
2.497,-7.780
2.497,-7.803
2.498,-7.826
2.498,-7.850
2.499,-7.873
2.499,-7.896
2.500,-7.920
2.500,-7.943
2.501,-7.967
2.501,-7.990
2.502,-8.014
2.502,-8.037
2.503,-8.060
2.503,-8.084
2.504,-8.108
2.504,-8.131
2.505,-8.155
2.505,-8.178
2.506,-8.202
2.506,-8.225
2.507,-8.249
2.507,-8.273
2.508,-8.296
2.508,-8.320
2.509,-8.344
2.509,-8.368
2.510,-8.391
2.510,-8.415
2.511,-8.439
2.511,-8.463
2.512,-8.487
2.512,-8.510
2.513,-8.534
2.513,-8.558
2.514,-8.582
2.514,-8.606
2.515,-8.630
2.515,-8.654
2.516,-8.678
2.516,-8.702
2.517,-8.726
2.517,-8.750
2.518,-8.774
2.518,-8.798
2.519,-8.822
2.519,-8.847
2.520,-8.871
2.520,-8.895
2.521,-8.919
2.521,-8.943
2.522,-8.968
2.522,-8.992
2.523,-9.016
2.523,-9.040
2.524,-9.065
2.524,-9.089
2.525,-9.114
2.525,-9.138
2.526,-9.162
2.526,-9.187
2.527,-9.211
2.527,-9.236
2.528,-9.260
2.528,-9.285
2.529,-9.309
2.529,-9.334
2.530,-9.359
2.530,-9.383
2.531,-9.408
2.531,-9.433
2.532,-9.457
2.532,-9.482
2.533,-9.507
2.533,-9.531
2.534,-9.556
2.534,-9.581
2.535,-9.606
2.535,-9.631
2.536,-9.656
2.536,-9.680
2.537,-9.705
2.537,-9.730
2.538,-9.755
2.538,-9.779
2.539,-9.800
2.539,-9.818
2.540,-9.834
2.540,-9.847
2.541,-9.858
2.541,-9.866
2.542,-9.873
2.542,-9.877
2.543,-9.880
2.543,-9.880
2.544,-9.879
2.544,-9.877
2.545,-9.872
2.545,-9.866
2.546,-9.859
2.546,-9.850
2.547,-9.840
2.547,-9.829
2.548,-9.817
2.548,-9.804
2.549,-9.789
2.549,-9.774
2.550,-9.758
2.550,-9.741
2.551,-9.723
2.551,-9.705
2.552,-9.686
2.552,-9.666
2.553,-9.646
2.553,-9.625
2.554,-9.603
2.554,-9.582
2.555,-9.560
2.555,-9.537
2.556,-9.514
2.556,-9.491
2.557,-9.468
2.557,-9.444
2.558,-9.421
2.558,-9.397
2.559,-9.373
2.559,-9.349
2.560,-9.324
2.560,-9.300
2.561,-9.276
2.561,-9.252
2.562,-9.227
2.562,-9.203
2.563,-9.179
2.563,-9.155
2.564,-9.130
2.564,-9.106
2.565,-9.083
2.565,-9.059
2.566,-9.035
2.566,-9.012
2.567,-8.988
2.567,-8.965
2.568,-8.942
2.568,-8.919
2.569,-8.896
2.569,-8.874
2.570,-8.851
2.570,-8.829
2.571,-8.807
2.571,-8.785
2.572,-8.764
2.572,-8.742
2.573,-8.721
2.573,-8.700
2.574,-8.679
2.574,-8.659
2.575,-8.638
2.575,-8.618
2.576,-8.598
2.576,-8.578
2.577,-8.559
2.577,-8.539
2.578,-8.520
2.578,-8.501
2.579,-8.482
2.579,-8.464
2.580,-8.445
2.580,-8.427
2.581,-8.409
2.581,-8.391
2.582,-8.373
2.582,-8.355
2.583,-8.338
2.583,-8.321
2.584,-8.304
2.584,-8.286
2.585,-8.270
2.585,-8.253
2.586,-8.236
2.586,-8.220
2.587,-8.203
2.587,-8.187
2.588,-8.171
2.588,-8.155
2.589,-8.139
2.589,-8.123
2.590,-8.107
2.590,-8.091
2.591,-8.075
2.591,-8.060
2.592,-8.044
2.592,-8.029
2.593,-8.013
2.593,-7.998
2.594,-7.982
2.594,-7.967
2.595,-7.952
2.595,-7.936
2.596,-7.921
2.596,-7.906
2.597,-7.890
2.597,-7.875
2.598,-7.860
2.598,-7.844
2.599,-7.829
2.599,-7.814
2.600,-7.798
2.600,-7.783
2.601,-7.767
2.601,-7.752
2.602,-7.736
2.602,-7.721
2.603,-7.705
2.603,-7.689
2.604,-7.674
2.604,-7.658
2.605,-7.642
2.605,-7.626
2.606,-7.610
2.606,-7.594
2.607,-7.577
2.607,-7.561
2.608,-7.545
2.608,-7.528
2.609,-7.512
2.609,-7.495
2.610,-7.478
2.610,-7.461
2.611,-7.444
2.611,-7.427
2.612,-7.410
2.612,-7.393
2.613,-7.375
2.613,-7.358
2.614,-7.340
2.614,-7.322
2.615,-7.304
2.615,-7.286
2.616,-7.268
2.616,-7.249
2.617,-7.231
2.617,-7.212
2.618,-7.193
2.618,-7.175
2.619,-7.155
2.619,-7.136
2.620,-7.117
2.620,-7.097
2.621,-7.078
2.621,-7.058
2.622,-7.038
2.622,-7.018
2.623,-6.998
2.623,-6.977
2.624,-6.957
2.624,-6.936
2.625,-6.915
2.625,-6.894
2.626,-6.873
2.626,-6.852
2.627,-6.830
2.627,-6.809
2.628,-6.787
2.628,-6.765
2.629,-6.743
2.629,-6.721
2.630,-6.698
2.630,-6.675
2.631,-6.652
2.631,-6.628
2.632,-6.603
2.632,-6.577
2.633,-6.551
2.633,-6.524
2.634,-6.496
2.634,-6.468
2.635,-6.439
2.635,-6.410
2.636,-6.380
2.636,-6.349
2.637,-6.319
2.637,-6.287
2.638,-6.256
2.638,-6.224
2.639,-6.191
2.639,-6.159
2.640,-6.126
2.640,-6.093
2.641,-6.059
2.641,-6.023
2.642,-5.982
2.642,-5.936
2.643,-5.886
2.643,-5.832
2.644,-5.775
2.644,-5.714
2.645,-5.650
2.645,-5.583
2.646,-5.514
2.646,-5.442
2.647,-5.368
2.647,-5.293
2.648,-5.215
2.648,-5.136
2.649,-5.056
2.649,-4.975
2.650,-4.893
2.650,-4.811
2.651,-4.728
2.651,-4.589
2.652,-4.357
2.652,-4.039
2.653,-3.643
2.653,-3.179
2.654,-2.657
2.654,-2.090
2.655,-1.490
2.655,-0.872
2.656,-0.247
2.656,0.369
2.657,-0.202
2.657,-0.706
2.658,-1.136
2.658,-1.487
2.659,-1.754
2.659,-1.936
2.660,-2.032
2.660,-2.041
2.661,-1.968
2.661,-1.815
2.662,-1.588
2.662,-1.293
2.663,-0.938
2.663,-0.531
2.664,-0.083
2.664,0.396
2.665,0.896
2.665,1.406
2.666,1.915
2.666,2.411
2.667,2.885
2.667,3.326
2.668,3.725
2.668,4.073
2.669,4.364
2.669,4.592
2.670,4.750
2.670,4.837
2.671,4.849
2.671,4.787
2.672,4.651
2.672,4.444
2.673,4.168
2.673,3.830
2.674,3.435
2.674,2.991
2.675,2.505
2.675,1.987
2.676,1.446
2.676,0.892
2.677,0.335
2.677,-0.215
2.678,-0.748
2.678,-1.254
2.679,-1.724
2.679,-2.151
2.680,-2.527
2.680,-2.845
2.681,-3.100
2.681,-3.289
2.682,-3.408
2.682,-3.457
2.683,-3.435
2.683,-3.343
2.684,-3.185
2.684,-2.963
2.685,-2.684
2.685,-2.352
2.686,-1.976
2.686,-1.562
2.687,-1.119
2.687,-0.657
2.688,-0.183
2.688,0.292
2.689,0.760
2.689,1.211
2.690,1.637
2.690,2.030
2.691,2.382
2.691,2.687
2.692,2.939
2.692,3.133
2.693,3.267
2.693,3.338
2.694,3.346
2.694,3.289
2.695,3.170
2.695,2.991
2.696,2.757
2.696,2.471
2.697,2.140
2.697,1.770
2.698,1.368
2.698,0.943
2.699,0.502
2.699,0.054
2.700,-0.393
2.700,-0.830
2.701,-1.248
2.701,-1.641
2.702,-2.000
2.702,-2.320
2.703,-2.595
2.703,-2.819
2.704,-2.989
2.704,-3.102
2.705,-3.156
2.705,-3.151
2.706,-3.088
2.706,-2.968
2.707,-2.794
2.707,-2.569
2.708,-2.298
2.708,-1.988
2.709,-1.643
2.709,-1.271
2.710,-0.879
2.710,-0.475
2.711,-0.067
2.711,0.339
2.712,0.733
2.712,1.109
2.713,1.460
2.713,1.780
2.714,2.061
2.714,2.300
2.715,2.492
2.715,2.634
2.716,2.724
2.716,2.759
2.717,2.741
2.717,2.669
2.718,2.546
2.718,2.374
2.719,2.157
2.719,1.899
2.720,1.606
2.720,1.283
2.721,0.937
2.721,0.574
2.722,0.202
2.722,-0.172
2.723,-0.541
2.723,-0.898
2.724,-1.236
2.724,-1.549
2.725,-1.832
2.725,-2.079
2.726,-2.285
2.726,-2.447
2.727,-2.562
2.727,-2.629
2.728,-2.646
2.728,-2.614
2.729,-2.533
2.729,-2.406
2.730,-2.235
2.730,-2.024
2.731,-1.776
2.731,-1.498
2.732,-1.194
2.732,-0.871
2.733,-0.534
2.733,-0.191
2.734,0.152
2.734,0.490
2.735,0.814
2.735,1.120
2.736,1.402
2.736,1.654
2.737,1.872
2.737,2.052
2.738,2.191
2.738,2.287
2.739,2.338
2.739,2.343
2.740,2.303
2.740,2.219
2.741,2.093
2.741,1.928
2.742,1.726
2.742,1.493
2.743,1.232
2.743,0.950
2.744,0.651
2.744,0.341
2.745,0.027
2.745,-0.286
2.746,-0.591
2.746,-0.884
2.747,-1.158
2.747,-1.408
2.748,-1.629
2.748,-1.819
2.749,-1.973
2.749,-2.088
2.750,-2.164
2.750,-2.198
2.751,-2.190
2.751,-2.141
2.752,-2.052
2.752,-1.925
2.753,-1.763
2.753,-1.569
2.754,-1.347
2.754,-1.101
2.755,-0.837
2.755,-0.559
2.756,-0.273
2.756,0.016
2.757,0.302
2.757,0.580
2.758,0.845
2.758,1.091
2.759,1.314
2.759,1.511
2.760,1.677
2.760,1.809
2.761,1.907
2.761,1.966
2.762,1.988
2.762,1.972
2.763,1.918
2.763,1.828
2.764,1.704
2.764,1.548
2.765,1.363
2.765,1.154
2.766,0.925
2.766,0.679
2.767,0.422
2.767,0.159
2.768,-0.105
2.768,-0.365
2.769,-0.617
2.769,-0.855
2.770,-1.075
2.770,-1.273
2.771,-1.445
2.771,-1.588
