0.000,0.000
0.001,5.000
0.001,5.000
0.002,5.001
0.002,5.001
0.003,5.002
0.003,5.002
0.004,5.003
0.004,5.004
0.005,5.005
0.005,5.006
0.006,5.007
0.006,5.008
0.007,5.009
0.007,5.011
0.008,5.012
0.008,5.013
0.009,5.015
0.009,5.016
0.010,5.018
0.010,5.019
0.011,5.021
0.011,5.023
0.012,5.025
0.012,5.026
0.013,5.028
0.013,5.030
0.014,5.032
0.014,5.034
0.015,5.036
0.015,5.038
0.016,5.039
0.016,5.041
0.017,5.043
0.017,5.045
0.018,5.047
0.018,5.049
0.019,5.052
0.019,5.054
0.020,5.056
0.020,5.058
0.021,5.060
0.021,5.062
0.022,5.064
0.022,5.066
0.023,5.068
0.023,5.070
0.024,5.072
0.024,5.074
0.025,5.076
0.025,5.078
0.026,5.080
0.026,5.082
0.027,5.084
0.027,5.086
0.028,5.088
0.028,5.090
0.029,5.092
0.029,5.094
0.030,5.096
0.030,5.097
0.031,5.099
0.031,5.101
0.032,5.103
0.032,5.105
0.033,5.107
0.033,5.108
0.034,5.110
0.034,5.112
0.035,5.114
0.035,5.115
0.036,5.117
0.036,5.119
0.037,5.120
0.037,5.122
0.038,5.124
0.038,5.125
0.039,5.127
0.039,5.129
0.040,5.130
0.040,5.132
0.041,5.133
0.041,5.135
0.042,5.136
0.042,5.138
0.043,5.139
0.043,5.141
0.044,5.142
0.044,5.143
0.045,5.145
0.045,5.146
0.046,5.148
0.046,5.149
0.047,5.150
0.047,5.152
0.048,5.153
0.048,5.154
0.049,5.156
0.049,5.157
0.050,5.158
0.050,5.159
0.051,5.161
0.051,5.162
0.052,5.163
0.052,5.164
0.053,5.165
0.053,5.167
0.054,5.168
0.054,5.169
0.055,5.170
0.055,5.171
0.056,5.172
0.056,5.173
0.057,5.175
0.057,5.176
0.058,5.177
0.058,5.178
0.059,5.179
0.059,5.180
0.060,5.181
0.060,5.182
0.061,5.183
0.061,5.184
0.062,5.185
0.062,5.186
0.063,5.187
0.063,5.188
0.064,5.189
0.064,5.190
0.065,5.191
0.065,5.192
0.066,5.193
0.066,5.194
0.067,5.195
0.067,5.196
0.068,5.197
0.068,5.198
0.069,5.199
0.069,5.200
0.070,5.201
0.070,5.202
0.071,5.203
0.071,5.204
0.072,5.205
0.072,5.206
0.073,5.207
0.073,5.208
0.074,5.209
0.074,5.210
0.075,5.211
0.075,5.212
0.076,5.213
0.076,5.214
0.077,5.215
0.077,5.216
0.078,5.217
0.078,5.218
0.079,5.219
0.079,5.220
0.080,5.221
0.080,5.222
0.081,5.223
0.081,5.224
0.082,5.225
0.082,5.226
0.083,5.227
0.083,5.228
0.084,5.229
0.084,5.230
0.085,5.231
0.085,5.232
0.086,5.233
0.086,5.234
0.087,5.235
0.087,5.236
0.088,5.237
0.088,5.238
0.089,5.239
0.089,5.240
0.090,5.241
0.090,5.242
0.091,5.243
0.091,5.244
0.092,5.245
0.092,5.246
0.093,5.247
0.093,5.248
0.094,5.249
0.094,5.250
0.095,5.251
0.095,5.252
0.096,5.253
0.096,5.254
0.097,5.255
0.097,5.256
0.098,5.257
0.098,5.258
0.099,5.259
0.099,5.261
0.100,5.262
0.100,5.263
0.101,5.264
0.101,5.265
0.102,5.266
0.102,5.267
0.103,5.268
0.103,5.269
0.104,5.270
0.104,5.271
0.105,5.272
0.105,5.273
0.106,5.275
0.106,5.276
0.107,5.277
0.107,5.278
0.108,5.279
0.108,5.280
0.109,5.281
0.109,5.282
0.110,5.283
0.110,5.284
0.111,5.286
0.111,5.287
0.112,5.288
0.112,5.289
0.113,5.290
0.113,5.291
0.114,5.292
0.114,5.293
0.115,5.294
0.115,5.296
0.116,5.297
0.116,5.298
0.117,5.299
0.117,5.300
0.118,5.301
0.118,5.302
0.119,5.304
0.119,5.305
0.120,5.306
0.120,5.307
0.121,5.308
0.121,5.309
0.122,5.310
0.122,5.312
0.123,5.313
0.123,5.314
0.124,5.315
0.124,5.316
0.125,5.317
0.125,5.318
0.126,5.320
0.126,5.321
0.127,5.322
0.127,5.323
0.128,5.324
0.128,5.325
0.129,5.327
0.129,5.328
0.130,5.329
0.130,5.330
0.131,5.331
0.131,5.332
0.132,5.333
0.132,5.335
0.133,5.336
0.133,5.337
0.134,5.338
0.134,5.339
0.135,5.340
0.135,5.342
0.136,5.343
0.136,5.344
0.137,5.345
0.137,5.346
0.138,5.347
0.138,5.349
0.139,5.350
0.139,5.351
0.140,5.352
0.140,5.353
0.141,5.354
0.141,5.356
0.142,5.357
0.142,5.358
0.143,5.359
0.143,5.360
0.144,5.361
0.144,5.362
0.145,5.364
0.145,5.365
0.146,5.366
0.146,5.367
0.147,5.368
0.147,5.369
0.148,5.371
0.148,5.372
0.149,5.373
0.149,5.374
0.150,5.375
0.150,5.376
0.151,5.377
0.151,5.379
0.152,5.380
0.152,5.381
0.153,5.382
0.153,5.383
0.154,5.384
0.154,5.385
0.155,5.387
0.155,5.388
0.156,5.389
0.156,5.390
0.157,5.391
0.157,5.392
0.158,5.393
0.158,5.394
0.159,5.396
0.159,5.397
0.160,5.398
0.160,5.399
0.161,5.400
0.161,5.401
0.162,5.402
0.162,5.403
0.163,5.404
0.163,5.406
0.164,5.407
0.164,5.408
0.165,5.409
0.165,5.410
0.166,5.411
0.166,5.412
0.167,5.413
0.167,5.414
0.168,5.415
0.168,5.417
0.169,5.418
0.169,5.419
0.170,5.420
0.170,5.421
0.171,5.422
0.171,5.423
0.172,5.424
0.172,5.425
0.173,5.426
0.173,5.427
0.174,5.428
0.174,5.429
0.175,5.430
0.175,5.432
0.176,5.433
0.176,5.434
0.177,5.435
0.177,5.436
0.178,5.437
0.178,5.438
0.179,5.439
0.179,5.440
0.180,5.441
0.180,5.442
0.181,5.443
0.181,5.444
0.182,5.445
0.182,5.446
0.183,5.447
0.183,5.448
0.184,5.449
0.184,5.450
0.185,5.451
0.185,5.452
0.186,5.453
0.186,5.454
0.187,5.455
0.187,5.456
0.188,5.457
0.188,5.458
0.189,5.459
0.189,5.460
0.190,5.461
0.190,5.462
0.191,5.463
0.191,5.464
0.192,5.465
0.192,5.466
0.193,5.467
0.193,5.468
0.194,5.469
0.194,5.470
0.195,5.471
0.195,5.471
0.196,5.472
0.196,5.473
0.197,5.474
0.197,5.475
0.198,5.476
0.198,5.477
0.199,5.478
0.199,5.479
0.200,5.480
0.200,5.481
0.201,5.482
0.201,5.482
0.202,5.483
0.202,5.484
0.203,5.485
0.203,5.486
0.204,5.487
0.204,5.488
0.205,5.489
0.205,5.489
0.206,5.490
0.206,5.491
0.207,5.492
0.207,5.493
0.208,5.494
0.208,5.495
0.209,5.495
0.209,5.496
0.210,5.497
0.210,5.498
0.211,5.499
0.211,5.499
0.212,5.500
0.212,5.501
0.213,5.502
0.213,5.503
0.214,5.503
0.214,5.504
0.215,5.505
0.215,5.506
0.216,5.507
0.216,5.507
0.217,5.508
0.217,5.509
0.218,5.510
0.218,5.510
0.219,5.511
0.219,5.512
0.220,5.513
0.220,5.513
0.221,5.514
0.221,5.515
0.222,5.516
0.222,5.516
0.223,5.517
0.223,5.518
0.224,5.518
0.224,5.519
0.225,5.520
0.225,5.521
0.226,5.521
0.226,5.522
0.227,5.523
0.227,5.523
0.228,5.524
0.228,5.525
0.229,5.525
0.229,5.526
0.230,5.527
0.230,5.527
0.231,5.528
0.231,5.529
0.232,5.529
0.232,5.530
0.233,5.530
0.233,5.531
0.234,5.532
0.234,5.532
0.235,5.533
0.235,5.533
0.236,5.534
0.236,5.535
0.237,5.535
0.237,5.536
0.238,5.536
0.238,5.537
0.239,5.538
0.239,5.538
0.240,5.539
0.240,5.539
0.241,5.540
0.241,5.540
0.242,5.541
0.242,5.541
0.243,5.542
0.243,5.542
0.244,5.543
0.244,5.543
0.245,5.544
0.245,5.544
0.246,5.545
0.246,5.545
0.247,5.546
0.247,5.546
0.248,5.547
0.248,5.547
0.249,5.548
0.249,5.548
0.250,5.549
0.250,5.549
0.251,5.550
0.251,5.550
0.252,5.550
0.252,5.551
0.253,5.551
0.253,5.552
0.254,5.552
0.254,5.553
0.255,5.553
0.255,5.553
0.256,5.554
0.256,5.554
0.257,5.555
0.257,5.555
0.258,5.555
0.258,5.556
0.259,5.556
0.259,5.556
0.260,5.557
0.260,5.557
0.261,5.557
0.261,5.558
0.262,5.558
0.262,5.558
0.263,5.559
0.263,5.559
0.264,5.559
0.264,5.560
0.265,5.560
0.265,5.560
0.266,5.560
0.266,5.561
0.267,5.561
0.267,5.561
0.268,5.562
0.268,5.562
0.269,5.562
0.269,5.562
0.270,5.563
0.270,5.563
0.271,5.563
0.271,5.563
0.272,5.563
0.272,5.564
0.273,5.564
0.273,5.564
0.274,5.564
0.274,5.565
0.275,5.565
0.275,5.565
0.276,5.565
0.276,5.565
0.277,5.565
0.277,5.566
0.278,5.566
0.278,5.566
0.279,5.566
0.279,5.566
0.280,5.566
0.280,5.566
0.281,5.567
0.281,5.567
0.282,5.567
0.282,5.567
0.283,5.567
0.283,5.567
0.284,5.567
0.284,5.567
0.285,5.567
0.285,5.567
0.286,5.567
0.286,5.568
0.287,5.568
0.287,5.568
0.288,5.568
0.288,5.568
0.289,5.568
0.289,5.568
0.290,5.568
0.290,5.568
0.291,5.568
0.291,5.568
0.292,5.568
0.292,5.568
0.293,5.568
0.293,5.568
0.294,5.568
0.294,5.568
0.295,5.568
0.295,5.568
0.296,5.568
0.296,5.568
0.297,5.568
0.297,5.568
0.298,5.567
0.298,5.567
0.299,5.567
0.299,5.567
0.300,5.567
0.300,5.567
0.301,5.567
0.301,5.567
0.302,5.567
0.302,5.567
0.303,5.567
0.303,5.566
0.304,5.566
0.304,5.566
0.305,5.566
0.305,5.566
0.306,5.566
0.306,5.566
0.307,5.565
0.307,5.565
0.308,5.565
0.308,5.565
0.309,5.565
0.309,5.565
0.310,5.564
0.310,5.564
0.311,5.564
0.311,5.564
0.312,5.564
0.312,5.563
0.313,5.563
0.313,5.563
0.314,5.563
0.314,5.562
0.315,5.562
0.315,5.562
0.316,5.562
0.316,5.561
0.317,5.561
0.317,5.561
0.318,5.561
0.318,5.560
0.319,5.560
0.319,5.560
0.320,5.559
0.320,5.559
0.321,5.559
0.321,5.559
0.322,5.558
0.322,5.558
0.323,5.558
0.323,5.557
0.324,5.557
0.324,5.557
0.325,5.556
0.325,5.556
0.326,5.556
0.326,5.555
0.327,5.555
0.327,5.554
0.328,5.554
0.328,5.554
0.329,5.553
0.329,5.553
0.330,5.553
0.330,5.552
0.331,5.552
0.331,5.551
0.332,5.551
0.332,5.551
0.333,5.550
0.333,5.550
0.334,5.549
0.334,5.549
0.335,5.548
0.335,5.548
0.336,5.547
0.336,5.547
0.337,5.547
0.337,5.546
0.338,5.546
0.338,5.545
0.339,5.545
0.339,5.544
0.340,5.544
0.340,5.543
0.341,5.543
0.341,5.542
0.342,5.542
0.342,5.541
0.343,5.541
0.343,5.540
0.344,5.540
0.344,5.539
0.345,5.539
0.345,5.538
0.346,5.538
0.346,5.537
0.347,5.536
0.347,5.536
0.348,5.535
0.348,5.535
0.349,5.534
0.349,5.534
0.350,5.533
0.350,5.532
0.351,5.532
0.351,5.531
0.352,5.531
0.352,5.530
0.353,5.530
0.353,5.529
0.354,5.528
0.354,5.528
0.355,5.527
0.355,5.526
0.356,5.526
0.356,5.525
0.357,5.525
0.357,5.524
0.358,5.523
0.358,5.523
0.359,5.522
0.359,5.521
0.360,5.521
0.360,5.520
0.361,5.519
0.361,5.519
0.362,5.518
0.362,5.517
0.363,5.517
0.363,5.516
0.364,5.515
0.364,5.515
0.365,5.514
0.365,5.513
0.366,5.513
0.366,5.512
0.367,5.511
0.367,5.510
0.368,5.510
0.368,5.509
0.369,5.508
0.369,5.507
0.370,5.507
0.370,5.506
0.371,5.505
0.371,5.505
0.372,5.504
0.372,5.503
0.373,5.502
0.373,5.502
0.374,5.501
0.374,5.500
0.375,5.499
0.375,5.498
0.376,5.498
0.376,5.497
0.377,5.496
0.377,5.495
0.378,5.495
0.378,5.494
0.379,5.493
0.379,5.492
0.380,5.491
0.380,5.491
0.381,5.490
0.381,5.489
0.382,5.488
0.382,5.487
0.383,5.487
0.383,5.486
0.384,5.485
0.384,5.484
0.385,5.483
0.385,5.482
0.386,5.482
0.386,5.481
0.387,5.480
0.387,5.479
0.388,5.478
0.388,5.477
0.389,5.477
0.389,5.476
0.390,5.475
0.390,5.474
0.391,5.473
0.391,5.472
0.392,5.471
0.392,5.471
0.393,5.470
0.393,5.469
0.394,5.468
0.394,5.467
0.395,5.466
0.395,5.465
0.396,5.464
0.396,5.464
0.397,5.463
0.397,5.462
0.398,5.461
0.398,5.460
0.399,5.459
0.399,5.458
0.400,5.457
0.400,5.456
0.401,5.455
0.401,5.455
0.402,5.454
0.402,5.453
0.403,5.452
0.403,5.451
0.404,5.450
0.404,5.449
0.405,5.448
0.405,5.447
0.406,5.446
0.406,5.445
0.407,5.444
0.407,5.443
0.408,5.443
0.408,5.442
0.409,5.441
0.409,5.440
0.410,5.439
0.410,5.438
0.411,5.437
0.411,5.436
0.412,5.435
0.412,5.434
0.413,5.433
0.413,5.432
0.414,5.431
0.414,5.430
0.415,5.429
0.415,5.428
0.416,5.427
0.416,5.426
0.417,5.425
0.417,5.424
0.418,5.424
0.418,5.423
0.419,5.422
0.419,5.421
0.420,5.420
0.420,5.419
0.421,5.418
0.421,5.417
0.422,5.416
0.422,5.415
0.423,5.414
0.423,5.413
0.424,5.412
0.424,5.411
0.425,5.410
0.425,5.409
0.426,5.408
0.426,5.407
0.427,5.406
0.427,5.405
0.428,5.404
0.428,5.403
0.429,5.402
0.429,5.401
0.430,5.400
0.430,5.399
0.431,5.398
0.431,5.397
0.432,5.396
0.432,5.395
0.433,5.394
0.433,5.393
0.434,5.392
0.434,5.391
0.435,5.390
0.435,5.389
0.436,5.388
0.436,5.387
0.437,5.386
0.437,5.385
0.438,5.384
0.438,5.383
0.439,5.382
0.439,5.381
0.440,5.380
0.440,5.379
0.441,5.378
0.441,5.377
0.442,5.376
0.442,5.375
0.443,5.374
0.443,5.373
0.444,5.372
0.444,5.371
0.445,5.370
0.445,5.369
0.446,5.368
0.446,5.367
0.447,5.366
0.447,5.365
0.448,5.364
0.448,5.363
0.449,5.362
0.449,5.361
0.450,5.360
0.450,5.359
0.451,5.358
0.451,5.357
0.452,5.356
0.452,5.355
0.453,5.354
0.453,5.353
0.454,5.352
0.454,5.351
0.455,5.350
0.455,5.349
0.456,5.348
0.456,5.347
0.457,5.346
0.457,5.345
0.458,5.344
0.458,5.343
0.459,5.342
0.459,5.341
0.460,5.340
0.460,5.339
0.461,5.338
0.461,5.337
0.462,5.336
0.462,5.335
0.463,5.335
0.463,5.334
0.464,5.333
0.464,5.332
0.465,5.331
0.465,5.330
0.466,5.329
0.466,5.328
0.467,5.327
0.467,5.326
0.468,5.325
0.468,5.324
0.469,5.323
0.469,5.322
0.470,5.321
0.470,5.320
0.471,5.319
0.471,5.318
0.472,5.317
0.472,5.316
0.473,5.315
0.473,5.314
0.474,5.313
0.474,5.312
0.475,5.311
0.475,5.310
0.476,5.309
0.476,5.309
0.477,5.308
0.477,5.307
0.478,5.306
0.478,5.305
0.479,5.304
0.479,5.303
0.480,5.302
0.480,5.301
0.481,5.300
0.481,5.299
0.482,5.298
0.482,5.297
0.483,5.296
0.483,5.296
0.484,5.295
0.484,5.294
0.485,5.293
0.485,5.292
0.486,5.291
0.486,5.290
0.487,5.289
0.487,5.288
0.488,5.287
0.488,5.286
0.489,5.286
0.489,5.285
0.490,5.284
0.490,5.283
0.491,5.282
0.491,5.281
0.492,5.280
0.492,5.279
0.493,5.278
0.493,5.278
0.494,5.277
0.494,5.276
0.495,5.275
0.495,5.274
0.496,5.273
0.496,5.272
0.497,5.272
0.497,5.271
0.498,5.270
0.498,5.269
0.499,5.268
0.499,5.267
0.500,5.266
0.500,5.266
0.501,5.265
0.501,5.264
0.502,5.263
0.502,5.262
0.503,5.261
0.503,5.261
0.503,5.260
0.504,5.259
0.504,5.258
0.505,5.257
0.505,5.257
0.506,5.256
0.506,5.255
0.507,5.254
0.507,5.253
0.508,5.253
0.508,5.252
0.509,5.251
0.509,5.250
0.510,5.249
0.510,5.249
0.511,5.248
0.511,5.247
0.512,5.246
0.512,5.245
0.513,5.245
0.513,5.244
0.514,5.243
0.514,5.242
0.515,5.242
0.515,5.241
0.516,5.240
0.516,5.239
0.517,5.239
0.517,5.238
0.518,5.237
0.518,5.237
0.519,5.236
0.519,5.235
0.520,5.234
0.520,5.234
0.521,5.233
0.521,5.232
0.522,5.232
0.522,5.231
0.523,5.230
0.523,5.229
0.524,5.229
0.524,5.228
0.525,5.227
0.525,5.227
0.526,5.226
0.526,5.225
0.527,5.225
0.527,5.224
0.528,5.223
0.528,5.223
0.529,5.222
0.529,5.221
0.530,5.221
0.530,5.220
0.531,5.219
0.531,5.219
0.532,5.218
0.532,5.218
0.533,5.217
0.533,5.216
0.534,5.216
0.534,5.215
0.535,5.214
0.535,5.214
0.536,5.213
0.536,5.213
0.537,5.212
0.537,5.211
0.538,5.211
0.538,5.210
0.539,5.210
0.539,5.209
0.540,5.209
0.540,5.208
0.541,5.207
0.541,5.207
0.542,5.206
0.542,5.206
0.543,5.205
0.543,5.205
0.544,5.204
0.544,5.204
0.545,5.203
0.545,5.203
0.546,5.202
0.546,5.201
0.547,5.201
0.547,5.200
0.548,5.200
0.548,5.199
0.549,5.199
0.549,5.198
0.550,5.198
0.550,5.197
0.551,5.197
0.551,5.197
0.552,5.196
0.552,5.196
0.553,5.195
0.553,5.195
0.554,5.194
0.554,5.194
0.555,5.193
0.555,5.193
0.556,5.192
0.556,5.192
0.557,5.192
0.557,5.191
0.558,5.191
0.558,5.190
0.559,5.190
0.559,5.189
0.560,5.189
0.560,5.189
0.561,5.188
0.561,5.188
0.562,5.188
0.562,5.187
0.563,5.187
0.563,5.186
0.564,5.186
0.564,5.186
0.565,5.185
0.565,5.185
0.566,5.185
0.566,5.184
0.567,5.184
0.567,5.184
0.568,5.183
0.568,5.183
0.569,5.183
0.569,5.182
0.570,5.182
0.570,5.182
0.571,5.181
0.571,5.181
0.572,5.181
0.572,5.180
0.573,5.180
0.573,5.180
0.574,5.180
0.574,5.179
0.575,5.179
0.575,5.179
0.576,5.179
0.576,5.178
0.577,5.178
0.577,5.178
0.578,5.178
0.578,5.177
0.579,5.177
0.579,5.177
0.580,5.177
0.580,5.176
0.581,5.176
0.581,5.176
0.582,5.176
0.582,5.176
0.583,5.175
0.583,5.175
0.584,5.175
0.584,5.175
0.585,5.175
0.585,5.174
0.586,5.174
0.586,5.174
0.587,5.174
0.587,5.174
0.588,5.174
0.588,5.174
0.589,5.173
0.589,5.173
0.590,5.173
0.590,5.173
0.591,5.173
0.591,5.173
0.592,5.173
0.592,5.173
0.593,5.172
0.593,5.172
0.594,5.172
0.594,5.172
0.595,5.172
0.595,5.172
0.596,5.172
0.596,5.172
0.597,5.172
0.597,5.172
0.598,5.172
0.598,5.172
0.599,5.172
0.599,5.171
0.600,5.171
0.600,5.171
0.601,5.171
0.601,5.171
0.602,5.171
0.602,5.171
0.603,5.171
0.603,5.171
0.604,5.171
0.604,5.171
0.605,5.171
0.605,5.171
0.606,5.171
0.606,5.171
0.607,5.171
0.607,5.171
0.608,5.171
0.608,5.172
0.609,5.172
0.609,5.172
0.610,5.172
0.610,5.172
0.611,5.172
0.611,5.172
0.612,5.172
0.612,5.172
0.613,5.172
0.613,5.172
0.614,5.172
0.614,5.172
0.615,5.172
0.615,5.173
0.616,5.173
0.616,5.173
0.617,5.173
0.617,5.173
0.618,5.173
0.618,5.173
0.619,5.173
0.619,5.174
0.620,5.174
0.620,5.174
0.621,5.174
0.621,5.174
0.622,5.174
0.622,5.175
0.623,5.175
0.623,5.175
0.624,5.175
0.624,5.175
0.625,5.175
0.625,5.176
0.626,5.176
0.626,5.176
0.627,5.176
0.627,5.176
0.628,5.177
0.628,5.177
0.629,5.177
0.629,5.177
0.630,5.178
0.630,5.178
0.631,5.178
0.631,5.178
0.632,5.179
0.632,5.179
0.633,5.179
0.633,5.179
0.634,5.180
0.634,5.180
0.635,5.180
0.635,5.180
0.636,5.181
0.636,5.181
0.637,5.181
0.637,5.182
0.638,5.182
0.638,5.182
0.639,5.183
0.639,5.183
0.640,5.183
0.640,5.183
0.641,5.184
0.641,5.184
0.642,5.184
0.642,5.185
0.643,5.185
0.643,5.185
0.644,5.186
0.644,5.186
0.645,5.187
0.645,5.187
0.646,5.187
0.646,5.188
0.647,5.188
0.647,5.188
0.648,5.189
0.648,5.189
0.649,5.190
0.649,5.190
0.650,5.190
0.650,5.191
0.651,5.191
0.651,5.192
0.652,5.192
0.652,5.192
0.653,5.193
0.653,5.193
0.654,5.194
0.654,5.194
0.655,5.195
0.655,5.195
0.656,5.195
0.656,5.196
0.657,5.196
0.657,5.197
0.658,5.197
0.658,5.198
0.659,5.198
0.659,5.199
0.660,5.199
0.660,5.200
0.661,5.200
0.661,5.201
0.662,5.201
0.662,5.202
0.663,5.202
0.663,5.203
0.664,5.203
0.664,5.204
0.665,5.204
0.665,5.205
0.666,5.205
0.666,5.206
0.667,5.206
0.667,5.207
0.668,5.207
0.668,5.208
0.669,5.208
0.669,5.209
0.670,5.210
0.670,5.210
0.671,5.211
0.671,5.211
0.672,5.212
0.672,5.212
0.673,5.213
0.673,5.213
0.674,5.214
0.674,5.215
0.675,5.215
0.675,5.216
0.676,5.216
0.676,5.217
0.677,5.218
0.677,5.218
0.678,5.219
0.678,5.219
0.679,5.220
0.679,5.221
0.680,5.221
0.680,5.222
0.681,5.222
0.681,5.223
0.682,5.224
0.682,5.224
0.683,5.225
0.683,5.226
0.684,5.226
0.684,5.227
0.685,5.227
0.685,5.228
0.686,5.229
0.686,5.229
0.687,5.230
0.687,5.231
0.688,5.231
0.688,5.232
0.689,5.233
0.689,5.233
0.690,5.234
0.690,5.235
0.691,5.235
0.691,5.236
0.692,5.237
0.692,5.237
0.693,5.238
0.693,5.239
0.694,5.239
0.694,5.240
0.695,5.241
0.695,5.242
0.696,5.242
0.696,5.243
0.697,5.244
0.697,5.244
0.698,5.245
0.698,5.246
0.699,5.247
0.699,5.247
0.700,5.248
0.700,5.249
0.701,5.249
0.701,5.250
0.702,5.251
0.702,5.252
0.703,5.252
0.703,5.253
0.704,5.254
0.704,5.255
0.705,5.255
0.705,5.256
0.706,5.257
0.706,5.258
0.707,5.258
0.707,5.259
0.708,5.260
0.708,5.261
0.709,5.261
0.709,5.262
0.710,5.263
0.710,5.264
0.711,5.264
0.711,5.265
0.712,5.266
0.712,5.267
0.713,5.267
0.713,5.268
0.714,5.269
0.714,5.270
0.715,5.271
0.715,5.271
0.716,5.272
0.716,5.273
0.717,5.274
0.717,5.275
0.718,5.275
0.718,5.276
0.719,5.277
0.719,5.278
0.720,5.278
0.720,5.279
0.721,5.280
0.721,5.281
0.722,5.282
0.722,5.282
0.723,5.283
0.723,5.284
0.724,5.285
0.724,5.286
0.725,5.287
0.725,5.287
0.726,5.288
0.726,5.289
0.727,5.290
0.727,5.291
0.728,5.291
0.728,5.292
0.729,5.293
0.729,5.294
0.730,5.295
0.730,5.296
0.731,5.296
0.731,5.297
0.732,5.298
0.732,5.299
0.733,5.300
0.733,5.301
0.734,5.301
0.734,5.302
0.735,5.303
0.735,5.304
0.736,5.305
0.736,5.306
0.737,5.306
0.737,5.307
0.738,5.308
0.738,5.309
0.739,5.310
0.739,5.311
0.740,5.311
0.740,5.312
0.741,5.313
0.741,5.314
0.742,5.315
0.742,5.316
0.743,5.316
0.743,5.317
0.744,5.318
0.744,5.319
0.745,5.320
0.745,5.321
0.746,5.322
0.746,5.322
0.747,5.323
0.747,5.324
0.748,5.325
0.748,5.326
0.749,5.327
0.749,5.328
0.750,5.328
0.750,5.329
0.751,5.330
0.751,5.331
0.752,5.332
0.752,5.333
0.753,5.333
0.753,5.334
0.754,5.335
0.754,5.336
0.755,5.337
0.755,5.338
0.756,5.339
0.756,5.339
0.757,5.340
0.757,5.341
0.758,5.342
0.758,5.343
0.759,5.344
0.759,5.345
0.760,5.345
0.760,5.346
0.761,5.347
0.761,5.348
0.762,5.349
0.762,5.350
0.763,5.350
0.763,5.351
0.764,5.352
0.764,5.353
0.765,5.354
0.765,5.355
0.766,5.356
0.766,5.356
0.767,5.357
0.767,5.358
0.768,5.359
0.768,5.360
0.769,5.361
0.769,5.361
0.770,5.362
0.770,5.363
0.771,5.364
0.771,5.365
0.772,5.366
0.772,5.367
0.773,5.367
0.773,5.368
0.774,5.369
0.774,5.370
0.775,5.371
0.775,5.372
0.776,5.372
0.776,5.373
0.777,5.374
0.777,5.375
0.778,5.376
0.778,5.377
0.779,5.377
0.779,5.378
0.780,5.379
0.780,5.380
0.781,5.381
0.781,5.382
0.782,5.382
0.782,5.383
0.783,5.384
0.783,5.385
0.784,5.386
0.784,5.386
0.785,5.387
0.785,5.388
0.786,5.389
0.786,5.390
0.787,5.390
0.787,5.391
0.788,5.392
0.788,5.393
0.789,5.394
0.789,5.395
0.790,5.395
0.790,5.396
0.791,5.397
0.791,5.398
0.792,5.398
0.792,5.399
0.793,5.400
0.793,5.401
0.794,5.402
0.794,5.402
0.795,5.403
0.795,5.404
0.796,5.405
0.796,5.406
0.797,5.406
0.797,5.407
0.798,5.408
0.798,5.409
0.799,5.409
0.799,5.410
0.800,5.411
0.800,5.412
0.801,5.413
0.801,5.413
0.802,5.414
0.802,5.415
0.803,5.416
0.803,5.416
0.804,5.417
0.804,5.418
0.805,5.419
0.805,5.419
0.806,5.420
0.806,5.421
0.807,5.422
0.807,5.422
0.808,5.423
0.808,5.424
0.809,5.425
0.809,5.425
0.810,5.426
0.810,5.427
0.811,5.427
0.811,5.428
0.812,5.429
0.812,5.430
0.813,5.430
0.813,5.431
0.814,5.432
0.814,5.432
0.815,5.433
0.815,5.434
0.816,5.435
0.816,5.435
0.817,5.436
0.817,5.437
0.818,5.437
0.818,5.438
0.819,5.439
0.819,5.439
0.820,5.440
0.820,5.441
0.821,5.441
0.821,5.442
0.822,5.443
0.822,5.443
0.823,5.444
0.823,5.445
0.824,5.445
0.824,5.446
0.825,5.447
0.825,5.447
0.826,5.448
0.826,5.449
0.827,5.449
0.827,5.450
0.828,5.451
0.828,5.451
0.829,5.452
0.829,5.452
0.830,5.453
0.830,5.454
0.831,5.454
0.831,5.455
0.832,5.456
0.832,5.456
0.833,5.457
0.833,5.457
0.834,5.458
0.834,5.459
0.835,5.459
0.835,5.460
0.836,5.460
0.836,5.461
0.837,5.462
0.837,5.462
0.838,5.463
0.838,5.463
0.839,5.464
0.839,5.465
0.840,5.465
0.840,5.466
0.841,5.466
0.841,5.467
0.842,5.467
0.842,5.468
0.843,5.468
0.843,5.469
0.844,5.470
0.844,5.470
0.845,5.471
0.845,5.471
0.846,5.472
0.846,5.472
0.847,5.473
0.847,5.473
0.848,5.474
0.848,5.474
0.849,5.475
0.849,5.475
0.850,5.476
0.850,5.476
0.851,5.477
0.851,5.477
0.852,5.478
0.852,5.478
0.853,5.479
0.853,5.479
0.854,5.480
0.854,5.480
0.855,5.481
0.855,5.481
0.856,5.482
0.856,5.482
0.857,5.482
0.857,5.483
0.858,5.483
0.858,5.484
0.859,5.484
0.859,5.485
0.860,5.485
0.860,5.486
0.861,5.486
0.861,5.486
0.862,5.487
0.862,5.487
0.863,5.488
0.863,5.488
0.864,5.489
0.864,5.489
0.865,5.489
0.865,5.490
0.866,5.490
0.866,5.490
0.867,5.491
0.867,5.491
0.868,5.492
0.868,5.492
0.869,5.492
0.869,5.493
0.870,5.493
0.870,5.493
0.871,5.494
0.871,5.494
0.872,5.495
0.872,5.495
0.873,5.495
0.873,5.496
0.874,5.496
0.874,5.496
0.875,5.497
0.875,5.497
0.876,5.497
0.876,5.497
0.877,5.498
0.877,5.498
0.878,5.498
0.878,5.499
0.879,5.499
0.879,5.499
0.880,5.500
0.880,5.500
0.881,5.500
0.881,5.500
0.882,5.501
0.882,5.501
0.883,5.501
0.883,5.501
0.884,5.502
0.884,5.502
0.885,5.502
0.885,5.502
0.886,5.503
0.886,5.503
0.887,5.503
0.887,5.503
0.888,5.504
0.888,5.504
0.889,5.504
0.889,5.504
0.890,5.505
0.890,5.505
0.891,5.505
0.891,5.505
0.892,5.505
0.892,5.506
0.893,5.506
0.893,5.506
0.894,5.506
0.894,5.506
0.895,5.506
0.895,5.507
0.896,5.507
0.896,5.507
0.897,5.507
0.897,5.507
0.898,5.507
0.898,5.507
0.899,5.508
0.899,5.508
0.900,5.508
0.900,5.508
0.901,5.508
0.901,5.508
0.902,5.508
0.902,5.508
0.903,5.509
0.903,5.509
0.904,5.509
0.904,5.509
0.905,5.509
0.905,5.509
0.906,5.509
0.906,5.509
0.907,5.509
0.907,5.509
0.908,5.509
0.908,5.510
0.909,5.510
0.909,5.510
0.910,5.510
0.910,5.510
0.911,5.510
0.911,5.510
0.912,5.510
0.912,5.510
0.913,5.510
0.913,5.510
0.914,5.510
0.914,5.510
0.915,5.510
0.915,5.510
0.916,5.510
0.916,5.510
0.917,5.510
0.917,5.510
0.918,5.510
0.918,5.510
0.919,5.510
0.919,5.510
0.920,5.510
0.920,5.510
0.921,5.510
0.921,5.510
0.922,5.510
0.922,5.510
0.923,5.510
0.923,5.510
0.924,5.510
0.924,5.509
0.925,5.509
0.925,5.509
0.926,5.509
0.926,5.509
0.927,5.509
0.927,5.509
0.928,5.509
0.928,5.509
0.929,5.509
0.929,5.509
0.930,5.508
0.930,5.508
0.931,5.508
0.931,5.508
0.932,5.508
0.932,5.508
0.933,5.508
0.933,5.508
0.934,5.508
0.934,5.507
0.935,5.507
0.935,5.507
0.936,5.507
0.936,5.507
0.937,5.507
0.937,5.506
0.938,5.506
0.938,5.506
0.939,5.506
0.939,5.506
0.940,5.506
0.940,5.505
0.941,5.505
0.941,5.505
0.942,5.505
0.942,5.505
0.943,5.504
0.943,5.504
0.944,5.504
0.944,5.504
0.945,5.504
0.945,5.503
0.946,5.503
0.946,5.503
0.947,5.503
0.947,5.502
0.948,5.502
0.948,5.502
0.949,5.502
0.949,5.501
0.950,5.501
0.950,5.501
0.951,5.501
0.951,5.500
0.952,5.500
0.952,5.500
0.953,5.500
0.953,5.499
0.954,5.499
0.954,5.499
0.955,5.498
0.955,5.498
0.956,5.498
0.956,5.497
0.957,5.497
0.957,5.497
0.958,5.497
0.958,5.496
0.959,5.496
0.959,5.496
0.960,5.495
0.960,5.495
0.961,5.495
0.961,5.494
0.962,5.494
0.962,5.494
0.963,5.493
0.963,5.493
0.964,5.493
0.964,5.492
0.965,5.492
0.965,5.491
0.966,5.491
0.966,5.491
0.967,5.490
0.967,5.490
0.968,5.490
0.968,5.489
0.969,5.489
0.969,5.488
0.970,5.488
0.970,5.488
0.971,5.487
0.971,5.487
0.972,5.486
0.972,5.486
0.973,5.486
0.973,5.485
0.974,5.485
0.974,5.484
0.975,5.484
0.975,5.484
0.976,5.483
0.976,5.483
0.977,5.482
0.977,5.482
0.978,5.481
0.978,5.481
0.979,5.480
0.979,5.480
0.980,5.480
0.980,5.479
0.981,5.479
0.981,5.478
0.982,5.478
0.982,5.477
0.983,5.477
0.983,5.476
0.984,5.476
0.984,5.475
0.985,5.475
0.985,5.474
0.986,5.474
0.986,5.473
0.987,5.473
0.987,5.472
0.988,5.472
0.988,5.471
0.989,5.471
0.989,5.470
0.990,5.470
0.990,5.469
0.991,5.469
0.991,5.468
0.992,5.468
0.992,5.467
0.993,5.467
0.993,5.466
0.994,5.466
0.994,5.465
0.995,5.465
0.995,5.464
0.996,5.464
0.996,5.463
0.997,5.462
0.997,5.462
0.998,5.461
0.998,5.461
0.999,5.460
0.999,5.460
1.000,5.459
1.000,5.459
1.001,5.458
1.001,5.457
1.002,5.457
1.002,5.456
1.003,5.456
1.003,5.455
1.004,5.455
1.004,5.454
1.005,5.453
1.005,5.453
1.006,5.452
1.006,5.452
1.007,5.451
1.007,5.450
1.008,5.450
1.008,5.449
1.009,5.449
1.009,5.448
1.010,5.447
1.010,5.447
1.011,5.446
1.011,5.446
1.012,5.445
1.012,5.444
1.013,5.444
1.013,5.443
1.014,5.442
1.014,5.442
1.015,5.441
1.015,5.441
1.016,5.440
1.016,5.439
1.017,5.439
1.017,5.438
1.018,5.437
1.018,5.437
1.019,5.436
1.019,5.435
1.020,5.435
1.020,5.434
1.021,5.434
1.021,5.433
1.022,5.432
1.022,5.432
1.023,5.431
1.023,5.430
1.024,5.430
1.024,5.429
1.025,5.428
1.025,5.428
1.026,5.427
1.026,5.426
1.027,5.426
1.027,5.425
1.028,5.424
1.028,5.424
1.029,5.423
1.029,5.422
1.030,5.422
1.030,5.421
1.031,5.420
1.031,5.420
1.032,5.419
1.032,5.418
1.033,5.418
1.033,5.417
1.034,5.416
1.034,5.415
1.035,5.415
1.035,5.414
1.036,5.413
1.036,5.413
1.037,5.412
1.037,5.411
1.038,5.411
1.038,5.410
1.039,5.409
1.039,5.409
1.040,5.408
1.040,5.407
1.041,5.406
1.041,5.406
1.042,5.405
1.042,5.404
1.043,5.404
1.043,5.403
1.044,5.402
1.044,5.402
1.045,5.401
1.045,5.400
1.046,5.399
1.046,5.399
1.047,5.398
1.047,5.397
1.048,5.397
1.048,5.396
1.049,5.395
1.049,5.394
1.050,5.394
1.050,5.393
1.051,5.392
1.051,5.392
1.052,5.391
1.052,5.390
1.053,5.389
1.053,5.389
1.054,5.388
1.054,5.387
1.055,5.386
1.055,5.386
1.056,5.385
1.056,5.384
1.057,5.384
1.057,5.383
1.058,5.382
1.058,5.381
1.059,5.381
1.059,5.380
1.060,5.379
1.060,5.378
1.061,5.378
1.061,5.377
1.062,5.376
1.062,5.376
1.063,5.375
1.063,5.374
1.064,5.373
1.064,5.373
1.065,5.372
1.065,5.371
1.066,5.370
1.066,5.370
1.067,5.369
1.067,5.368
1.068,5.368
1.068,5.367
1.069,5.366
1.069,5.365
1.070,5.365
1.070,5.364
1.071,5.363
1.071,5.362
1.072,5.362
1.072,5.361
1.073,5.360
1.073,5.360
1.074,5.359
1.074,5.358
1.075,5.357
1.075,5.357
1.076,5.356
1.076,5.355
1.077,5.355
1.077,5.354
1.078,5.353
1.078,5.352
1.079,5.352
1.079,5.351
1.080,5.350
1.080,5.349
1.081,5.349
1.081,5.348
1.082,5.347
1.082,5.347
1.083,5.346
1.083,5.345
1.084,5.344
1.084,5.344
1.085,5.343
1.085,5.342
1.086,5.342
1.086,5.341
1.087,5.340
1.087,5.339
1.088,5.339
1.088,5.338
1.089,5.337
1.089,5.337
1.090,5.336
1.090,5.335
1.091,5.334
1.091,5.334
1.092,5.333
1.092,5.332
1.093,5.332
1.093,5.331
1.094,5.330
1.094,5.329
1.095,5.329
1.095,5.328
1.096,5.327
1.096,5.327
1.097,5.326
1.097,5.325
1.098,5.325
1.098,5.324
1.099,5.323
1.099,5.323
1.100,5.322
1.100,5.321
1.101,5.320
1.101,5.320
1.102,5.319
1.102,5.318
1.103,5.318
1.103,5.317
1.104,5.316
1.104,5.316
1.105,5.315
1.105,5.314
1.106,5.314
1.106,5.313
1.107,5.312
1.107,5.312
1.108,5.311
1.108,5.310
1.109,5.310
1.109,5.309
1.110,5.308
1.110,5.308
1.111,5.307
1.111,5.306
1.112,5.306
1.112,5.305
1.113,5.304
1.113,5.304
1.114,5.303
1.114,5.302
1.115,5.302
1.115,5.301
1.116,5.300
1.116,5.300
1.117,5.299
1.117,5.299
1.118,5.298
1.118,5.297
1.119,5.297
1.119,5.296
1.120,5.295
1.120,5.295
1.121,5.294
1.121,5.294
1.122,5.293
1.122,5.292
1.123,5.292
1.123,5.291
1.124,5.290
1.124,5.290
1.125,5.289
1.125,5.289
1.126,5.288
1.126,5.287
1.127,5.287
1.127,5.286
1.128,5.286
1.128,5.285
1.129,5.284
1.129,5.284
1.130,5.283
1.130,5.283
1.131,5.282
1.131,5.281
1.132,5.281
1.132,5.280
1.133,5.280
1.133,5.279
1.134,5.279
1.134,5.278
1.135,5.277
1.135,5.277
1.136,5.276
1.136,5.276
1.137,5.275
1.137,5.275
1.138,5.274
1.138,5.273
1.139,5.273
1.139,5.272
1.140,5.272
1.140,5.271
1.141,5.271
1.141,5.270
1.142,5.270
1.142,5.269
1.143,5.269
1.143,5.268
1.144,5.267
1.144,5.267
1.145,5.266
1.145,5.266
1.146,5.265
1.146,5.265
1.147,5.264
1.147,5.264
1.148,5.263
1.148,5.263
1.149,5.262
1.149,5.262
1.150,5.261
1.150,5.261
1.151,5.260
1.151,5.260
1.152,5.259
1.152,5.259
1.153,5.258
1.153,5.258
1.154,5.257
1.154,5.257
1.155,5.257
1.155,5.256
1.156,5.256
1.156,5.255
1.157,5.255
1.157,5.254
1.158,5.254
1.158,5.253
1.159,5.253
1.159,5.252
1.160,5.252
1.160,5.252
1.161,5.251
1.161,5.251
1.162,5.250
1.162,5.250
1.163,5.249
1.163,5.249
1.164,5.249
1.164,5.248
1.165,5.248
1.165,5.247
1.166,5.247
1.166,5.246
1.167,5.246
1.167,5.246
1.168,5.245
1.168,5.245
1.169,5.244
1.169,5.244
1.170,5.244
1.170,5.243
1.171,5.243
1.171,5.243
1.172,5.242
1.172,5.242
1.173,5.241
1.173,5.241
1.174,5.241
1.174,5.240
1.175,5.240
1.175,5.240
1.176,5.239
1.176,5.239
1.177,5.239
1.177,5.238
1.178,5.238
1.178,5.238
1.179,5.237
1.179,5.237
1.180,5.237
1.180,5.236
1.181,5.236
1.181,5.236
1.182,5.235
1.182,5.235
1.183,5.235
1.183,5.234
1.184,5.234
1.184,5.234
1.185,5.234
1.185,5.233
1.186,5.233
1.186,5.233
1.187,5.232
1.187,5.232
1.188,5.232
1.188,5.232
1.189,5.231
1.189,5.231
1.190,5.231
1.190,5.231
1.191,5.230
1.191,5.230
1.192,5.230
1.192,5.230
1.193,5.229
1.193,5.229
1.194,5.229
1.194,5.229
1.195,5.228
1.195,5.228
1.196,5.228
1.196,5.228
1.197,5.227
1.197,5.227
1.198,5.227
1.198,5.227
1.199,5.227
1.199,5.226
1.200,5.226
1.200,5.226
1.201,5.226
1.201,5.226
1.202,5.226
1.202,5.225
1.203,5.225
1.203,5.225
1.204,5.225
1.204,5.225
1.205,5.224
1.205,5.224
1.206,5.224
1.206,5.224
1.207,5.224
1.207,5.224
1.208,5.224
1.208,5.223
1.209,5.223
1.209,5.223
1.210,5.223
1.210,5.223
1.211,5.223
1.211,5.223
1.212,5.223
1.212,5.222
1.213,5.222
1.213,5.222
1.214,5.222
1.214,5.222
1.215,5.222
1.215,5.222
1.216,5.222
1.216,5.222
1.217,5.222
1.217,5.222
1.218,5.221
1.218,5.221
1.219,5.221
1.219,5.221
1.220,5.221
1.220,5.221
1.221,5.221
1.221,5.221
1.222,5.221
1.222,5.221
1.223,5.221
1.223,5.221
1.224,5.221
1.224,5.221
1.225,5.221
1.225,5.221
1.226,5.221
1.226,5.221
1.227,5.221
1.227,5.221
1.228,5.221
1.228,5.221
1.229,5.221
1.229,5.221
1.230,5.221
1.230,5.221
1.231,5.221
1.231,5.221
1.232,5.221
1.232,5.221
1.233,5.221
1.233,5.221
1.234,5.221
1.234,5.221
1.235,5.221
1.235,5.221
1.236,5.221
1.236,5.221
1.237,5.221
1.237,5.221
1.238,5.221
1.238,5.221
1.239,5.221
1.239,5.222
1.240,5.222
1.240,5.222
1.241,5.222
1.241,5.222
1.242,5.222
1.242,5.222
1.243,5.222
1.243,5.222
1.244,5.222
1.244,5.222
1.245,5.223
1.245,5.223
1.246,5.223
1.246,5.223
1.247,5.223
1.247,5.223
1.248,5.223
1.248,5.223
1.249,5.224
1.249,5.224
1.250,5.224
1.250,5.224
1.251,5.224
1.251,5.224
1.252,5.224
1.252,5.225
1.253,5.225
1.253,5.225
1.254,5.225
1.254,5.225
1.255,5.225
1.255,5.226
1.256,5.226
1.256,5.226
1.257,5.226
1.257,5.226
1.258,5.226
1.258,5.227
1.259,5.227
1.259,5.227
1.260,5.227
1.260,5.227
1.261,5.228
1.261,5.228
1.262,5.228
1.262,5.228
1.263,5.229
1.263,5.229
1.264,5.229
1.264,5.229
1.265,5.229
1.265,5.230
1.266,5.230
1.266,5.230
1.267,5.230
1.267,5.231
1.268,5.231
1.268,5.231
1.269,5.231
1.269,5.232
1.270,5.232
1.270,5.232
1.271,5.233
1.271,5.233
1.272,5.233
1.272,5.233
1.273,5.234
1.273,5.234
1.274,5.234
1.274,5.235
1.275,5.235
1.275,5.235
1.276,5.235
1.276,5.236
1.277,5.236
1.277,5.236
1.278,5.237
1.278,5.237
1.279,5.237
1.279,5.238
1.280,5.238
1.280,5.238
1.281,5.239
1.281,5.239
1.282,5.239
1.282,5.240
1.283,5.240
1.283,5.240
1.284,5.241
1.284,5.241
1.285,5.241
1.285,5.242
1.286,5.242
1.286,5.242
1.287,5.243
1.287,5.243
1.288,5.243
1.288,5.244
1.289,5.244
1.289,5.245
1.290,5.245
1.290,5.245
1.291,5.246
1.291,5.246
1.292,5.246
1.292,5.247
1.293,5.247
1.293,5.248
1.294,5.248
1.294,5.248
1.295,5.249
1.295,5.249
1.296,5.250
1.296,5.250
1.297,5.250
1.297,5.251
1.298,5.251
1.298,5.252
1.299,5.252
1.299,5.253
1.300,5.253
1.300,5.253
1.301,5.254
1.301,5.254
1.302,5.255
1.302,5.255
1.303,5.256
1.303,5.256
1.304,5.256
1.304,5.257
1.305,5.257
1.305,5.258
1.306,5.258
1.306,5.259
1.307,5.259
1.307,5.260
1.308,5.260
1.308,5.261
1.309,5.261
1.309,5.261
1.310,5.262
1.310,5.262
1.311,5.263
1.311,5.263
1.312,5.264
1.312,5.264
1.313,5.265
1.313,5.265
1.314,5.266
1.314,5.266
1.315,5.267
1.315,5.267
1.316,5.268
1.316,5.268
1.317,5.269
1.317,5.269
1.318,5.270
1.318,5.270
1.319,5.271
1.319,5.271
1.320,5.272
1.320,5.272
1.321,5.273
1.321,5.273
1.322,5.274
1.322,5.274
1.323,5.275
1.323,5.275
1.324,5.276
1.324,5.276
1.325,5.277
1.325,5.277
1.326,5.278
1.326,5.279
1.327,5.279
1.327,5.280
1.328,5.280
1.328,5.281
1.329,5.281
1.329,5.282
1.330,5.282
1.330,5.283
1.331,5.283
1.331,5.284
1.332,5.284
1.332,5.285
1.333,5.286
1.333,5.286
1.334,5.287
1.334,5.287
1.335,5.288
1.335,5.288
1.336,5.289
1.336,5.289
1.337,5.290
1.337,5.291
1.338,5.291
1.338,5.292
1.339,5.292
1.339,5.293
1.340,5.293
1.340,5.294
1.341,5.295
1.341,5.295
1.342,5.296
1.342,5.296
1.343,5.297
1.343,5.297
1.344,5.298
1.344,5.299
1.345,5.299
1.345,5.300
1.346,5.300
1.346,5.301
1.347,5.302
1.347,5.302
1.348,5.303
1.348,5.303
1.349,5.304
1.349,5.305
1.350,5.305
1.350,5.306
1.351,5.306
1.351,5.307
1.352,5.307
1.352,5.308
1.353,5.309
1.353,5.309
1.354,5.310
1.354,5.310
1.355,5.311
1.355,5.312
1.356,5.312
1.356,5.313
1.357,5.313
1.357,5.314
1.358,5.315
1.358,5.315
1.359,5.316
1.359,5.317
1.360,5.317
1.360,5.318
1.361,5.318
1.361,5.319
1.362,5.320
1.362,5.320
1.363,5.321
1.363,5.321
1.364,5.322
1.364,5.323
1.365,5.323
1.365,5.324
1.366,5.324
1.366,5.325
1.367,5.326
1.367,5.326
1.368,5.327
1.368,5.328
1.369,5.328
1.369,5.329
1.370,5.329
1.370,5.330
1.371,5.331
1.371,5.331
1.372,5.332
1.372,5.333
1.373,5.333
1.373,5.334
1.374,5.334
1.374,5.335
1.375,5.336
1.375,5.336
1.376,5.337
1.376,5.337
1.377,5.338
1.377,5.339
1.378,5.339
1.378,5.340
1.379,5.341
1.379,5.341
1.380,5.342
1.380,5.342
1.381,5.343
1.381,5.344
1.382,5.344
1.382,5.345
1.383,5.346
1.383,5.346
1.384,5.347
1.384,5.347
1.385,5.348
1.385,5.349
1.386,5.349
1.386,5.350
1.387,5.351
1.387,5.351
1.388,5.352
1.388,5.352
1.389,5.353
1.389,5.354
1.390,5.354
1.390,5.355
1.391,5.355
1.391,5.356
1.392,5.357
1.392,5.357
1.393,5.358
1.393,5.359
1.394,5.359
1.394,5.360
1.395,5.360
1.395,5.361
1.396,5.362
1.396,5.362
1.397,5.363
1.397,5.363
1.398,5.364
1.398,5.365
1.399,5.365
1.399,5.366
1.400,5.367
1.400,5.367
1.401,5.368
1.401,5.368
1.402,5.369
1.402,5.370
1.403,5.370
1.403,5.371
1.404,5.371
1.404,5.372
1.405,5.373
1.405,5.373
1.406,5.374
1.406,5.374
1.407,5.375
1.407,5.376
1.408,5.376
1.408,5.377
1.409,5.377
1.409,5.378
1.410,5.379
1.410,5.379
1.411,5.380
1.411,5.380
1.412,5.381
1.412,5.382
1.413,5.382
1.413,5.383
1.414,5.383
1.414,5.384
1.415,5.384
1.415,5.385
1.416,5.386
1.416,5.386
1.417,5.387
1.417,5.387
1.418,5.388
1.418,5.388
1.419,5.389
1.419,5.390
1.420,5.390
1.420,5.391
1.421,5.391
1.421,5.392
1.422,5.392
1.422,5.393
1.423,5.394
1.423,5.394
1.424,5.395
1.424,5.395
1.425,5.396
1.425,5.396
1.426,5.397
1.426,5.398
1.427,5.398
1.427,5.399
1.428,5.399
1.428,5.400
1.429,5.400
1.429,5.401
1.430,5.401
1.430,5.402
1.431,5.402
1.431,5.403
1.432,5.404
1.432,5.404
1.433,5.405
1.433,5.405
1.434,5.406
1.434,5.406
1.435,5.407
1.435,5.407
1.436,5.408
1.436,5.408
1.437,5.409
1.437,5.409
1.438,5.410
1.438,5.410
1.439,5.411
1.439,5.411
1.440,5.412
1.440,5.413
1.441,5.413
1.441,5.414
1.442,5.414
1.442,5.415
1.443,5.415
1.443,5.416
1.444,5.416
1.444,5.417
1.445,5.417
1.445,5.418
1.446,5.418
1.446,5.419
1.447,5.419
1.447,5.419
1.448,5.420
1.448,5.420
1.449,5.421
1.449,5.421
1.450,5.422
1.450,5.422
1.451,5.423
1.451,5.423
1.452,5.424
1.452,5.424
1.453,5.425
1.453,5.425
1.454,5.426
1.454,5.426
1.455,5.427
1.455,5.427
1.456,5.427
1.456,5.428
1.457,5.428
1.457,5.429
1.458,5.429
1.458,5.430
1.459,5.430
1.459,5.431
1.460,5.431
1.460,5.431
1.461,5.432
1.461,5.432
1.462,5.433
1.462,5.433
1.463,5.434
1.463,5.434
1.464,5.434
1.464,5.435
1.465,5.435
1.465,5.436
1.466,5.436
1.466,5.436
1.467,5.437
1.467,5.437
1.468,5.438
1.468,5.438
1.469,5.438
1.469,5.439
1.470,5.439
1.470,5.440
1.471,5.440
1.471,5.440
1.472,5.441
1.472,5.441
1.473,5.442
1.473,5.442
1.474,5.442
1.474,5.443
1.475,5.443
1.475,5.443
1.476,5.444
1.476,5.444
1.477,5.444
1.477,5.445
1.478,5.445
1.478,5.446
1.479,5.446
1.479,5.446
1.480,5.447
1.480,5.447
1.481,5.447
1.481,5.448
1.482,5.448
1.482,5.448
1.483,5.449
1.483,5.449
1.484,5.449
1.484,5.450
1.485,5.450
1.485,5.450
1.486,5.450
1.486,5.451
1.487,5.451
1.487,5.451
1.488,5.452
1.488,5.452
1.489,5.452
1.489,5.453
1.490,5.453
1.490,5.453
1.491,5.453
1.491,5.454
1.492,5.454
1.492,5.454
1.493,5.455
1.493,5.455
1.494,5.455
1.494,5.455
1.495,5.456
1.495,5.456
1.496,5.456
1.496,5.456
1.497,5.457
1.497,5.457
1.498,5.457
1.498,5.457
1.499,5.458
1.499,5.458
1.500,5.458
1.500,5.458
1.501,5.459
1.501,5.459
1.502,5.459
1.502,5.459
1.503,5.459
1.503,5.460
1.504,5.460
1.504,5.460
1.505,5.460
1.505,5.460
1.506,5.461
1.506,5.461
1.507,5.461
1.507,5.461
1.508,5.461
1.508,5.462
1.509,5.462
1.509,5.462
1.510,5.462
1.510,5.462
1.511,5.463
1.511,5.463
1.512,5.463
1.512,5.463
1.513,5.463
1.513,5.463
1.514,5.464
1.514,5.464
1.515,5.464
1.515,5.464
1.516,5.464
1.516,5.464
1.517,5.464
1.517,5.465
1.518,5.465
1.518,5.465
1.519,5.465
1.519,5.465
1.520,5.465
1.520,5.465
1.521,5.465
1.521,5.466
1.522,5.466
1.522,5.466
1.523,5.466
1.523,5.466
1.524,5.466
1.524,5.466
1.525,5.466
1.525,5.466
1.526,5.466
1.526,5.467
1.527,5.467
1.527,5.467
1.528,5.467
1.528,5.467
1.529,5.467
1.529,5.467
1.530,5.467
1.530,5.467
1.531,5.467
1.531,5.467
1.532,5.467
1.532,5.467
1.533,5.467
1.533,5.467
1.534,5.467
1.534,5.467
1.535,5.467
1.535,5.467
1.536,5.466
1.536,5.466
1.537,5.466
1.537,5.466
1.538,5.466
1.538,5.465
1.539,5.465
1.539,5.465
1.540,5.465
1.540,5.464
1.541,5.464
1.541,5.464
1.542,5.463
1.542,5.463
1.543,5.462
1.543,5.462
1.544,5.461
1.544,5.461
1.545,5.460
1.545,5.460
1.546,5.459
1.546,5.459
1.547,5.458
1.547,5.458
1.548,5.457
1.548,5.456
1.549,5.456
1.549,5.455
1.550,5.454
1.550,5.454
1.551,5.453
1.551,5.452
1.552,5.451
1.552,5.451
1.553,5.450
1.553,5.449
1.554,5.448
1.554,5.447
1.555,5.446
1.555,5.445
1.556,5.445
1.556,5.444
1.557,5.443
1.557,5.442
1.558,5.441
1.558,5.440
1.559,5.439
1.559,5.437
1.560,5.436
1.560,5.435
1.561,5.434
1.561,5.433
1.562,5.432
1.562,5.431
1.563,5.430
1.563,5.428
1.564,5.427
1.564,5.426
1.565,5.425
1.565,5.423
1.566,5.422
1.566,5.421
1.567,5.419
1.567,5.418
1.568,5.417
1.568,5.415
1.569,5.414
1.569,5.413
1.570,5.411
1.570,5.410
1.571,5.408
1.571,5.407
1.572,5.405
1.572,5.404
1.573,5.402
1.573,5.401
1.574,5.399
1.574,5.398
1.575,5.396
1.575,5.394
1.576,5.393
1.576,5.391
1.577,5.390
1.577,5.388
1.578,5.386
1.578,5.384
1.579,5.383
1.579,5.381
1.580,5.379
1.580,5.378
1.581,5.376
1.581,5.374
1.582,5.372
1.582,5.370
1.583,5.369
1.583,5.367
1.584,5.365
1.584,5.363
1.585,5.361
1.585,5.359
1.586,5.357
1.586,5.355
1.587,5.353
1.587,5.351
1.588,5.350
1.588,5.348
1.589,5.346
1.589,5.344
1.590,5.341
1.590,5.339
1.591,5.337
1.591,5.335
1.592,5.333
1.592,5.331
1.593,5.329
1.593,5.327
1.594,5.325
1.594,5.323
1.595,5.321
1.595,5.318
1.596,5.316
1.596,5.314
1.597,5.312
1.597,5.310
1.598,5.307
1.598,5.305
1.599,5.303
1.599,5.301
1.600,5.298
1.600,5.296
1.601,5.294
1.601,5.291
1.602,5.289
1.602,5.287
1.603,5.284
1.603,5.282
1.604,5.280
1.604,5.277
1.605,5.275
1.605,5.273
1.606,5.270
1.606,5.268
1.607,5.265
1.607,5.263
1.608,5.260
1.608,5.258
1.609,5.255
1.609,5.253
1.610,5.250
1.610,5.248
1.611,5.245
1.611,5.243
1.612,5.240
1.612,5.238
1.613,5.235
1.613,5.233
1.614,5.230
1.614,5.227
1.615,5.225
1.615,5.222
1.616,5.220
1.616,5.217
1.617,5.214
1.617,5.212
1.618,5.209
1.618,5.206
1.619,5.204
1.619,5.201
1.620,5.198
1.620,5.196
1.621,5.193
1.621,5.190
1.622,5.187
1.622,5.185
1.623,5.182
1.623,5.179
1.624,5.176
1.624,5.174
1.625,5.171
1.625,5.168
1.626,5.165
1.626,5.162
1.627,5.160
1.627,5.157
1.628,5.154
1.628,5.151
1.629,5.148
1.629,5.145
1.630,5.143
1.630,5.140
1.631,5.137
1.631,5.134
1.632,5.131
1.632,5.128
1.633,5.125
1.633,5.122
1.634,5.119
1.634,5.117
1.635,5.114
1.635,5.111
1.636,5.108
1.636,5.105
1.637,5.102
1.637,5.099
1.638,5.096
1.638,5.093
1.639,5.090
1.639,5.087
1.640,5.084
1.640,5.081
1.641,5.078
1.641,5.075
1.642,5.072
1.642,5.069
1.643,5.066
1.643,5.063
1.644,5.060
1.644,5.057
1.645,5.054
1.645,5.051
1.646,5.048
1.646,5.044
1.647,5.041
1.647,5.038
1.648,5.035
1.648,5.032
1.649,5.029
1.649,5.026
1.650,5.023
1.650,5.020
1.651,5.017
1.651,5.013
1.652,5.010
1.652,5.007
1.653,5.004
1.653,5.001
1.654,4.998
1.654,4.995
1.655,4.992
1.655,4.988
1.656,4.985
1.656,4.982
1.657,4.979
1.657,4.976
1.658,4.973
1.658,4.969
1.659,4.966
1.659,4.963
1.660,4.960
1.660,4.957
1.661,4.954
1.661,4.950
1.662,4.947
1.662,4.944
1.663,4.941
1.663,4.938
1.664,4.934
1.664,4.931
1.665,4.928
1.665,4.925
1.666,4.922
1.666,4.919
1.667,4.915
1.667,4.912
1.668,4.909
1.668,4.906
1.669,4.903
1.669,4.900
1.670,4.896
1.670,4.893
1.671,4.890
1.671,4.887
1.672,4.884
1.672,4.881
1.673,4.877
1.673,4.874
1.674,4.871
1.674,4.868
1.675,4.865
1.675,4.862
1.676,4.859
1.676,4.856
1.677,4.853
1.677,4.850
1.678,4.847
1.678,4.844
1.679,4.841
1.679,4.839
1.680,4.836
1.680,4.833
1.681,4.830
1.681,4.828
1.682,4.826
1.682,4.824
1.683,4.822
1.683,4.821
1.684,4.820
1.684,4.819
1.685,4.819
1.685,4.818
1.686,4.818
1.686,4.817
1.687,4.816
1.687,4.815
1.688,4.814
1.688,4.813
1.689,4.812
1.689,4.811
1.690,4.810
1.690,4.810
1.691,4.809
1.691,4.809
1.692,4.810
1.692,4.810
1.693,4.811
1.693,4.812
1.694,4.813
1.694,4.814
1.695,4.816
1.695,4.818
1.696,4.820
1.696,4.822
1.697,4.825
1.697,4.827
1.698,4.830
1.698,4.832
1.699,4.835
1.699,4.837
1.700,4.840
1.700,4.842
1.701,4.844
1.701,4.846
1.702,4.848
1.702,4.849
1.703,4.851
1.703,4.852
1.704,4.853
1.704,4.853
1.705,4.853
1.705,4.853
1.706,4.853
1.706,4.852
1.707,4.852
1.707,4.851
1.708,4.850
1.708,4.848
1.709,4.847
1.709,4.845
1.710,4.843
1.710,4.842
1.711,4.840
1.711,4.838
1.712,4.837
1.712,4.835
1.713,4.834
1.713,4.833
1.714,4.832
1.714,4.831
1.715,4.830
1.715,4.830
1.716,4.830
1.716,4.830
1.717,4.830
1.717,4.831
1.718,4.832
1.718,4.833
1.719,4.834
1.719,4.835
1.720,4.836
1.720,4.838
1.721,4.840
1.721,4.841
1.722,4.843
1.722,4.844
1.723,4.846
1.723,4.848
1.724,4.849
1.724,4.850
1.725,4.851
1.725,4.852
1.726,4.853
1.726,4.853
1.727,4.854
1.727,4.854
1.728,4.854
1.728,4.853
1.729,4.853
1.729,4.852
1.730,4.851
1.730,4.850
1.731,4.849
1.731,4.847
1.732,4.846
1.732,4.844
1.733,4.843
1.733,4.841
1.734,4.840
1.734,4.838
1.735,4.837
1.735,4.836
1.736,4.834
1.736,4.833
1.737,4.832
1.737,4.832
1.738,4.831
1.738,4.831
1.739,4.831
1.739,4.831
1.740,4.831
1.740,4.832
1.741,4.833
1.741,4.833
1.742,4.834
1.742,4.835
1.743,4.837
1.743,4.838
1.744,4.839
1.744,4.841
1.745,4.842
1.745,4.843
1.746,4.845
1.746,4.846
1.747,4.847
1.747,4.848
1.748,4.849
1.748,4.849
1.749,4.850
1.749,4.850
1.750,4.850
1.750,4.850
1.751,4.850
1.751,4.850
1.752,4.849
1.752,4.848
1.753,4.847
1.753,4.846
1.754,4.845
1.754,4.844
1.755,4.843
1.755,4.842
1.756,4.840
1.756,4.839
1.757,4.838
1.757,4.837
1.758,4.835
1.758,4.834
1.759,4.833
1.759,4.833
1.760,4.832
1.760,4.832
1.761,4.831
1.761,4.831
1.762,4.831
1.762,4.831
1.763,4.832
1.763,4.832
1.764,4.833
1.764,4.834
1.765,4.835
1.765,4.836
1.766,4.837
1.766,4.838
1.767,4.839
1.767,4.840
1.768,4.841
1.768,4.842
1.769,4.843
1.769,4.844
1.770,4.845
1.770,4.846
1.771,4.847
1.771,4.847
1.772,4.847
1.772,4.848
1.773,4.848
1.773,4.848
1.774,4.847
1.774,4.847
1.775,4.846
1.775,4.846
1.776,4.845
1.776,4.844
1.777,4.843
1.777,4.842
1.778,4.841
1.778,4.840
1.779,4.839
1.779,4.838
1.780,4.837
1.780,4.836
1.781,4.835
1.781,4.834
1.782,4.833
1.782,4.833
1.783,4.832
1.783,4.832
1.784,4.832
1.784,4.832
1.785,4.832
1.785,4.832
1.786,4.833
1.786,4.833
1.787,4.834
1.787,4.834
1.788,4.835
1.788,4.836
1.789,4.837
1.789,4.838
1.790,4.839
1.790,4.840
1.791,4.841
1.791,4.842
1.792,4.843
1.792,4.844
1.793,4.844
1.793,4.845
1.794,4.845
1.794,4.846
1.795,4.846
1.795,4.846
1.796,4.846
1.796,4.846
1.797,4.846
1.797,4.845
1.798,4.845
1.798,4.844
1.799,4.843
1.799,4.843
1.800,4.842
1.800,4.841
1.801,4.840
1.801,4.839
1.802,4.838
1.802,4.837
1.803,4.836
1.803,4.836
1.804,4.835
1.804,4.834
1.805,4.834
1.805,4.833
1.806,4.833
1.806,4.833
1.807,4.833
1.807,4.833
1.808,4.833
1.808,4.833
1.809,4.834
1.809,4.834
1.810,4.835
1.810,4.835
1.811,4.836
1.811,4.837
1.812,4.838
1.812,4.839
1.813,4.839
1.813,4.840
1.814,4.841
1.814,4.842
1.815,4.842
1.815,4.843
1.816,4.844
1.816,4.844
1.817,4.844
1.817,4.845
1.818,4.845
1.818,4.845
1.819,4.845
1.819,4.845
1.820,4.844
1.820,4.844
1.821,4.843
1.821,4.843
1.822,4.842
1.822,4.842
1.823,4.841
1.823,4.840
1.824,4.839
1.824,4.839
1.825,4.838
1.825,4.837
1.826,4.836
1.826,4.836
1.827,4.835
1.827,4.835
1.828,4.834
1.828,4.834
1.829,4.834
1.829,4.834
1.830,4.834
1.830,4.834
1.831,4.834
1.831,4.834
1.832,4.835
1.832,4.835
1.833,4.836
1.833,4.836
1.834,4.837
1.834,4.838
1.835,4.838
1.835,4.839
1.836,4.840
1.836,4.840
1.837,4.841
1.837,4.842
1.838,4.842
1.838,4.843
1.839,4.843
1.839,4.843
1.840,4.844
1.840,4.844
1.841,4.844
1.841,4.844
1.842,4.844
1.842,4.844
1.843,4.843
1.843,4.843
1.844,4.842
1.844,4.842
1.845,4.841
1.845,4.841
1.846,4.840
1.846,4.840
1.847,4.839
1.847,4.838
1.848,4.838
1.848,4.837
1.849,4.837
1.849,4.836
1.850,4.836
1.850,4.835
1.851,4.835
1.851,4.835
1.852,4.835
1.852,4.835
1.853,4.835
1.853,4.835
1.854,4.835
1.854,4.835
1.855,4.836
1.855,4.836
1.856,4.837
1.856,4.837
1.857,4.838
1.857,4.838
1.858,4.839
1.858,4.839
1.859,4.840
1.859,4.840
1.860,4.841
1.860,4.841
1.861,4.842
1.861,4.842
1.862,4.843
1.862,4.843
1.863,4.843
1.863,4.843
1.864,4.843
1.864,4.843
1.865,4.843
1.865,4.843
1.866,4.842
1.866,4.842
1.867,4.842
1.867,4.841
1.868,4.841
1.868,4.840
1.869,4.840
1.869,4.839
1.870,4.839
1.870,4.838
1.871,4.838
1.871,4.837
1.872,4.837
1.872,4.836
1.873,4.836
1.873,4.836
1.874,4.836
1.874,4.835
1.875,4.835
1.875,4.835
1.876,4.835
1.876,4.836
1.877,4.836
1.877,4.836
1.878,4.836
1.878,4.837
1.879,4.837
1.879,4.838
1.880,4.838
1.880,4.839
1.881,4.839
1.881,4.840
1.882,4.840
1.882,4.841
1.883,4.841
1.883,4.841
1.884,4.842
1.884,4.842
1.885,4.842
1.885,4.842
1.886,4.842
1.886,4.843
1.887,4.843
1.887,4.842
1.888,4.842
1.888,4.842
1.889,4.842
1.889,4.842
1.890,4.841
1.890,4.841
1.891,4.840
1.891,4.840
1.892,4.840
1.892,4.839
1.893,4.839
1.893,4.838
1.894,4.838
1.894,4.837
1.895,4.837
1.895,4.837
1.896,4.837
1.896,4.836
1.897,4.836
1.897,4.836
1.898,4.836
1.898,4.836
1.899,4.836
1.899,4.836
1.900,4.837
1.900,4.837
1.901,4.837
1.901,4.837
1.902,4.838
1.902,4.838
1.903,4.839
1.903,4.839
1.904,4.839
1.904,4.840
1.905,4.840
1.905,4.841
1.906,4.841
1.906,4.841
1.907,4.841
1.907,4.842
1.908,4.842
1.908,4.842
1.909,4.842
1.909,4.842
1.910,4.842
1.910,4.842
1.911,4.842
1.911,4.842
1.912,4.841
1.912,4.841
1.913,4.841
1.913,4.840
1.914,4.840
1.914,4.840
1.915,4.839
1.915,4.839
1.916,4.839
1.916,4.838
1.917,4.838
1.917,4.838
1.918,4.837
1.918,4.837
1.919,4.837
1.919,4.837
1.920,4.837
1.920,4.837
1.921,4.837
1.921,4.837
1.922,4.837
1.922,4.837
1.923,4.837
1.923,4.837
1.924,4.838
1.924,4.838
1.925,4.838
1.925,4.839
1.926,4.839
1.926,4.839
1.927,4.840
1.927,4.840
1.928,4.840
1.928,4.841
1.929,4.841
1.929,4.841
1.930,4.841
1.930,4.841
1.931,4.842
1.931,4.842
1.932,4.842
1.932,4.842
1.933,4.842
1.933,4.842
1.934,4.841
1.934,4.841
1.935,4.841
1.935,4.841
1.936,4.840
1.936,4.840
1.937,4.840
1.937,4.840
1.938,4.839
1.938,4.839
1.939,4.839
1.939,4.838
1.940,4.838
1.940,4.838
1.941,4.838
1.941,4.838
1.942,4.837
1.942,4.837
1.943,4.837
1.943,4.837
1.944,4.837
1.944,4.837
1.945,4.837
1.945,4.838
1.946,4.838
1.946,4.838
1.947,4.838
1.947,4.838
1.948,4.839
1.948,4.839
1.949,4.839
1.949,4.840
1.950,4.840
1.950,4.840
1.951,4.840
1.951,4.841
1.952,4.841
1.952,4.841
1.953,4.841
1.953,4.841
1.954,4.841
1.954,4.841
1.955,4.841
1.955,4.841
1.956,4.841
1.956,4.841
1.957,4.841
1.957,4.841
1.958,4.841
1.958,4.841
1.959,4.840
1.959,4.840
1.960,4.840
1.960,4.840
1.961,4.839
1.961,4.839
1.962,4.839
1.962,4.839
1.963,4.838
1.963,4.838
1.964,4.838
1.964,4.838
1.965,4.838
1.965,4.838
1.966,4.838
1.966,4.838
1.967,4.838
1.967,4.838
1.968,4.838
1.968,4.838
1.969,4.838
1.969,4.838
1.970,4.839
1.970,4.839
1.971,4.839
1.971,4.839
1.972,4.840
1.972,4.840
1.973,4.840
1.973,4.840
1.974,4.841
1.974,4.841
1.975,4.841
1.975,4.841
1.976,4.841
1.976,4.841
1.977,4.841
1.977,4.841
1.978,4.841
1.978,4.841
1.979,4.841
1.979,4.841
1.980,4.841
1.980,4.841
1.981,4.841
1.981,4.840
1.982,4.840
1.982,4.840
1.983,4.840
1.983,4.840
1.984,4.839
1.984,4.839
1.985,4.839
1.985,4.839
1.986,4.839
1.986,4.839
1.987,4.838
1.987,4.838
1.988,4.838
1.988,4.839
1.989,4.840
1.989,4.841
1.990,4.843
1.990,4.845
1.991,4.848
1.991,4.851
1.992,4.854
1.992,4.857
1.993,4.861
1.993,4.865
1.994,4.869
1.994,4.873
1.995,4.878
1.995,4.883
1.996,4.888
1.996,4.893
1.997,4.898
1.997,4.903
1.998,4.908
1.998,4.914
1.999,4.920
1.999,4.925
2.000,4.931
2.000,4.937
2.001,4.943
2.001,4.949
2.002,4.956
2.002,4.962
2.003,4.968
2.003,4.974
2.004,4.981
2.004,4.987
2.005,4.994
2.005,5.000
2.006,5.007
2.006,5.013
2.007,5.020
2.007,5.026
2.008,5.033
2.008,5.039
2.009,5.046
2.009,5.053
2.010,5.059
2.010,5.066
2.011,5.072
2.011,5.079
2.012,5.086
2.012,5.092
2.013,5.099
2.013,5.105
2.014,5.112
2.014,5.118
2.015,5.125
2.015,5.131
2.016,5.138
2.016,5.144
2.017,5.151
2.017,5.157
2.018,5.164
2.018,5.170
2.019,5.176
2.019,5.183
2.020,5.189
2.020,5.195
2.021,5.201
2.021,5.207
2.022,5.214
2.022,5.220
2.023,5.226
2.023,5.232
2.024,5.238
2.024,5.244
2.025,5.250
2.025,5.256
2.026,5.261
2.026,5.267
2.027,5.273
2.027,5.279
2.028,5.285
2.028,5.290
2.029,5.296
2.029,5.302
2.030,5.307
2.030,5.313
2.031,5.318
2.031,5.324
2.032,5.329
2.032,5.335
2.033,5.340
2.033,5.345
2.034,5.351
2.034,5.356
2.035,5.361
2.035,5.367
2.036,5.372
2.036,5.377
2.037,5.382
2.037,5.387
2.038,5.392
2.038,5.397
2.039,5.403
2.039,5.408
2.040,5.413
2.040,5.417
2.041,5.422
2.041,5.427
2.042,5.432
2.042,5.437
2.043,5.442
2.043,5.447
2.044,5.451
2.044,5.456
2.045,5.461
2.045,5.466
2.046,5.470
2.046,5.475
2.047,5.480
2.047,5.484
2.048,5.489
2.048,5.494
2.049,5.498
2.049,5.503
2.050,5.507
2.050,5.512
2.051,5.516
2.051,5.521
2.052,5.525
2.052,5.529
2.053,5.534
2.053,5.538
2.054,5.543
2.054,5.547
2.055,5.551
2.055,5.556
2.056,5.560
2.056,5.564
2.057,5.569
2.057,5.573
2.058,5.577
2.058,5.581
2.059,5.585
2.059,5.590
2.060,5.594
2.060,5.598
2.061,5.602
2.061,5.606
2.062,5.610
2.062,5.615
2.063,5.619
2.063,5.623
2.064,5.627
2.064,5.631
2.065,5.635
2.065,5.639
2.066,5.643
2.066,5.647
2.067,5.651
2.067,5.655
2.068,5.659
2.068,5.663
2.069,5.667
2.069,5.671
2.070,5.675
2.070,5.679
2.071,5.682
2.071,5.686
2.072,5.690
2.072,5.694
2.073,5.698
2.073,5.702
2.074,5.706
2.074,5.709
2.075,5.713
2.075,5.717
2.076,5.721
2.076,5.725
2.077,5.728
2.077,5.732
2.078,5.736
2.078,5.739
2.079,5.743
2.079,5.747
2.080,5.751
2.080,5.754
2.081,5.758
2.081,5.762
2.082,5.765
2.082,5.769
2.083,5.773
2.083,5.776
2.084,5.780
2.084,5.784
2.085,5.787
2.085,5.791
2.086,5.794
2.086,5.798
2.087,5.802
2.087,5.805
2.088,5.809
2.088,5.813
2.089,5.816
2.089,5.820
2.090,5.824
2.090,5.827
2.091,5.831
2.091,5.835
2.092,5.838
2.092,5.842
2.093,5.846
2.093,5.849
2.094,5.853
2.094,5.857
2.095,5.860
2.095,5.864
2.096,5.868
2.096,5.871
2.097,5.875
2.097,5.879
2.098,5.883
2.098,5.886
2.099,5.890
2.099,5.894
2.100,5.897
2.100,5.901
2.101,5.905
2.101,5.909
2.102,5.912
2.102,5.916
2.103,5.920
2.103,5.924
2.104,5.927
2.104,5.931
2.105,5.935
2.105,5.939
2.106,5.942
2.106,5.946
2.107,5.950
2.107,5.954
2.108,5.957
2.108,5.961
2.109,5.965
2.109,5.969
2.110,5.972
2.110,5.976
2.111,5.980
2.111,5.984
2.112,5.987
2.112,5.991
2.113,5.995
2.113,5.999
2.114,6.002
2.114,6.006
2.115,6.010
2.115,6.014
2.116,6.018
2.116,6.021
2.117,6.025
2.117,6.029
2.118,6.033
2.118,6.036
2.119,6.040
2.119,6.044
2.120,6.048
2.120,6.051
2.121,6.055
2.121,6.059
2.122,6.062
2.122,6.066
2.123,6.070
2.123,6.074
2.124,6.077
2.124,6.081
2.125,6.085
2.125,6.088
2.126,6.092
2.126,6.096
2.127,6.100
2.127,6.103
2.128,6.107
2.128,6.111
2.129,6.114
2.129,6.118
2.130,6.122
2.130,6.125
2.131,6.129
2.131,6.132
2.132,6.136
2.132,6.140
2.133,6.143
2.133,6.147
2.134,6.151
2.134,6.154
2.135,6.158
2.135,6.161
2.136,6.165
2.136,6.168
2.137,6.172
2.137,6.176
2.138,6.179
2.138,6.183
2.139,6.186
2.139,6.190
2.140,6.193
2.140,6.197
2.141,6.200
2.141,6.204
2.142,6.207
2.142,6.211
2.143,6.214
2.143,6.218
2.144,6.221
2.144,6.224
2.145,6.228
2.145,6.231
2.146,6.235
2.146,6.238
2.147,6.241
2.147,6.245
2.148,6.248
2.148,6.252
2.149,6.255
2.149,6.258
2.150,6.262
2.150,6.265
2.151,6.268
2.151,6.272
2.152,6.275
2.152,6.278
2.153,6.281
2.153,6.285
2.154,6.288
2.154,6.291
2.155,6.294
2.155,6.298
2.156,6.301
2.156,6.304
2.157,6.307
2.157,6.310
2.158,6.314
2.158,6.317
2.159,6.320
2.159,6.323
2.160,6.326
2.160,6.329
2.161,6.332
2.161,6.336
2.162,6.339
2.162,6.342
2.163,6.345
2.163,6.348
2.164,6.351
2.164,6.354
2.165,6.357
2.165,6.360
2.166,6.363
2.166,6.366
2.167,6.369
2.167,6.372
2.168,6.375
2.168,6.378
2.169,6.381
2.169,6.384
2.170,6.387
2.170,6.390
2.171,6.393
2.171,6.395
2.172,6.398
2.172,6.401
2.173,6.404
2.173,6.407
2.174,6.410
2.174,6.413
2.175,6.415
2.175,6.418
2.176,6.421
2.176,6.424
2.177,6.427
2.177,6.429
2.178,6.432
2.178,6.435
2.179,6.438
2.179,6.440
2.180,6.443
2.180,6.446
2.181,6.448
2.181,6.451
2.182,6.454
2.182,6.456
2.183,6.459
2.183,6.462
2.184,6.464
2.184,6.467
2.185,6.470
2.185,6.472
2.186,6.475
2.186,6.477
2.187,6.480
2.187,6.482
2.188,6.485
2.188,6.487
2.189,6.490
2.189,6.492
2.190,6.495
2.190,6.497
2.191,6.500
2.191,6.502
2.192,6.505
2.192,6.507
2.193,6.510
2.193,6.512
2.194,6.515
2.194,6.517
2.195,6.519
2.195,6.522
2.196,6.524
2.196,6.526
2.197,6.529
2.197,6.531
2.198,6.533
2.198,6.536
2.199,6.538
2.199,6.540
2.200,6.543
2.200,6.545
2.201,6.547
2.201,6.549
2.202,6.552
2.202,6.554
2.203,6.556
2.203,6.558
2.204,6.561
2.204,6.563
2.205,6.565
2.205,6.567
2.206,6.569
2.206,6.571
2.207,6.573
2.207,6.576
2.208,6.578
2.208,6.580
2.209,6.582
2.209,6.584
2.210,6.586
2.210,6.588
2.211,6.590
2.211,6.592
2.212,6.594
2.212,6.596
2.213,6.598
2.213,6.600
2.214,6.602
2.214,6.604
2.215,6.606
2.215,6.608
2.216,6.610
2.216,6.612
2.217,6.614
2.217,6.616
2.218,6.618
2.218,6.620
2.219,6.622
2.219,6.623
2.220,6.625
2.220,6.627
2.221,6.629
2.221,6.631
2.222,6.633
2.222,6.634
2.223,6.636
2.223,6.638
2.224,6.640
2.224,6.642
2.225,6.643
2.225,6.645
2.226,6.647
2.226,6.649
2.227,6.650
2.227,6.652
2.228,6.654
2.228,6.655
2.229,6.657
2.229,6.659
2.230,6.660
2.230,6.662
2.231,6.664
2.231,6.665
2.232,6.667
2.232,6.668
2.233,6.670
2.233,6.672
2.234,6.673
2.234,6.675
2.235,6.676
2.235,6.678
2.236,6.679
2.236,6.681
2.237,6.682
2.237,6.684
2.238,6.685
2.238,6.687
2.239,6.688
2.239,6.690
2.240,6.691
2.240,6.693
2.241,6.694
2.241,6.695
2.242,6.697
2.242,6.698
2.243,6.700
2.243,6.701
2.244,6.702
2.244,6.704
2.245,6.705
2.245,6.706
2.246,6.708
2.246,6.709
2.247,6.710
2.247,6.712
2.248,6.713
2.248,6.714
2.249,6.715
2.249,6.717
2.250,6.718
2.250,6.719
2.251,6.720
2.251,6.722
2.252,6.723
2.252,6.724
2.253,6.725
2.253,6.726
2.254,6.728
2.254,6.729
2.255,6.730
2.255,6.731
2.256,6.732
2.256,6.733
2.257,6.734
2.257,6.735
2.258,6.736
2.258,6.738
2.259,6.739
2.259,6.740
2.260,6.741
2.260,6.742
2.261,6.743
2.261,6.744
2.262,6.745
2.262,6.746
2.263,6.747
2.263,6.748
2.264,6.749
2.264,6.750
2.265,6.751
2.265,6.751
2.266,6.752
2.266,6.753
2.267,6.754
2.267,6.755
2.268,6.756
2.268,6.757
2.269,6.758
2.269,6.758
2.270,6.759
2.270,6.760
2.271,6.761
2.271,6.762
2.272,6.763
2.272,6.763
2.273,6.764
2.273,6.765
2.274,6.766
2.274,6.766
2.275,6.767
2.275,6.768
2.276,6.769
2.276,6.769
2.277,6.770
2.277,6.771
2.278,6.771
2.278,6.772
2.279,6.773
2.279,6.773
2.280,6.774
2.280,6.775
2.281,6.775
2.281,6.776
2.282,6.776
2.282,6.777
2.283,6.778
2.283,6.778
2.284,6.779
2.284,6.779
2.285,6.780
2.285,6.780
2.286,6.781
2.286,6.781
2.287,6.782
2.287,6.782
2.288,6.783
2.288,6.783
2.289,6.784
2.289,6.784
2.290,6.785
2.290,6.785
2.291,6.785
2.291,6.786
2.292,6.786
2.292,6.787
2.293,6.787
2.293,6.787
2.294,6.788
2.294,6.788
2.295,6.788
2.295,6.789
2.296,6.789
2.296,6.789
2.297,6.790
2.297,6.790
2.298,6.790
2.298,6.790
2.299,6.791
2.299,6.791
2.300,6.791
2.300,6.791
2.301,6.792
2.301,6.792
2.302,6.792
2.302,6.792
2.303,6.792
2.303,6.793
2.304,6.793
2.304,6.793
2.305,6.793
2.305,6.793
2.306,6.793
2.306,6.793
2.307,6.793
2.307,6.793
2.308,6.794
2.308,6.794
2.309,6.794
2.309,6.794
2.310,6.794
2.310,6.794
2.311,6.794
2.311,6.794
2.312,6.794
2.312,6.794
2.313,6.794
2.313,6.794
2.314,6.794
2.314,6.794
2.315,6.794
2.315,6.793
2.316,6.793
2.316,6.793
2.317,6.793
2.317,6.793
2.318,6.793
2.318,6.793
2.319,6.793
2.319,6.793
2.320,6.792
2.320,6.792
2.321,6.792
2.321,6.792
2.322,6.792
2.322,6.791
2.323,6.791
2.323,6.791
2.324,6.791
2.324,6.790
2.325,6.790
2.325,6.790
2.326,6.790
2.326,6.789
2.327,6.789
2.327,6.789
2.328,6.788
2.328,6.788
2.329,6.788
2.329,6.787
2.330,6.787
2.330,6.787
2.331,6.786
2.331,6.786
2.332,6.785
2.332,6.785
2.333,6.785
2.333,6.784
2.334,6.784
2.334,6.783
2.335,6.783
2.335,6.782
2.336,6.782
2.336,6.781
2.337,6.781
2.337,6.780
2.338,6.780
2.338,6.779
2.339,6.779
2.339,6.778
2.340,6.778
2.340,6.777
2.341,6.776
2.341,6.776
2.342,6.775
2.342,6.775
2.343,6.774
2.343,6.773
2.344,6.773
2.344,6.772
2.345,6.771
2.345,6.771
2.346,6.770
2.346,6.769
2.347,6.769
2.347,6.768
2.348,6.767
2.348,6.766
2.349,6.766
2.349,6.765
2.350,6.764
2.350,6.763
2.351,6.763
2.351,6.762
2.352,6.761
2.352,6.760
2.353,6.759
2.353,6.759
2.354,6.758
2.354,6.757
2.355,6.756
2.355,6.755
2.356,6.754
2.356,6.753
2.357,6.752
2.357,6.751
2.358,6.751
2.358,6.750
2.359,6.749
2.359,6.748
2.360,6.747
2.360,6.746
2.361,6.745
2.361,6.744
2.362,6.743
2.362,6.742
2.363,6.741
2.363,6.740
2.364,6.739
2.364,6.738
2.365,6.737
2.365,6.735
2.366,6.734
2.366,6.733
2.367,6.732
2.367,6.731
2.368,6.730
2.368,6.729
2.369,6.728
2.369,6.726
2.370,6.725
2.370,6.724
2.371,6.723
2.371,6.722
2.372,6.720
2.372,6.719
2.373,6.718
2.373,6.717
2.374,6.716
2.374,6.714
2.375,6.713
2.375,6.712
2.376,6.710
2.376,6.709
2.377,6.708
2.377,6.707
2.378,6.705
2.378,6.704
2.379,6.702
2.379,6.701
2.380,6.700
2.380,6.698
2.381,6.697
2.381,6.696
2.382,6.694
2.382,6.693
2.383,6.691
2.383,6.690
2.384,6.688
2.384,6.687
2.385,6.685
2.385,6.684
2.386,6.682
2.386,6.681
2.387,6.679
2.387,6.678
2.388,6.676
2.388,6.675
2.389,6.673
2.389,6.672
2.390,6.670
2.390,6.669
2.391,6.667
2.391,6.665
2.392,6.664
2.392,6.662
2.393,6.660
2.393,6.659
2.394,6.657
2.394,6.655
2.395,6.654
2.395,6.652
2.396,6.650
2.396,6.649
2.397,6.647
2.397,6.645
2.398,6.643
2.398,6.642
2.399,6.640
2.399,6.638
2.400,6.636
2.400,6.635
2.401,6.633
2.401,6.631
2.402,6.629
2.402,6.627
2.403,6.626
2.403,6.624
2.404,6.622
2.404,6.620
2.405,6.618
2.405,6.616
2.406,6.614
2.406,6.612
2.407,6.610
2.407,6.608
2.408,6.606
2.408,6.605
2.409,6.603
2.409,6.601
2.410,6.599
2.410,6.597
2.411,6.595
2.411,6.593
2.412,6.590
2.412,6.588
2.413,6.586
2.413,6.584
2.414,6.582
2.414,6.580
2.415,6.578
2.415,6.576
2.416,6.574
2.416,6.572
2.417,6.570
2.417,6.567
2.418,6.565
2.418,6.563
2.419,6.561
2.419,6.559
2.420,6.557
2.420,6.554
2.421,6.552
2.421,6.550
2.422,6.548
2.422,6.545
2.423,6.543
2.423,6.541
2.424,6.539
2.424,6.536
2.425,6.534
2.425,6.532
2.426,6.529
2.426,6.527
2.427,6.525
2.427,6.522
2.428,6.520
2.428,6.517
2.429,6.515
2.429,6.513
2.430,6.510
2.430,6.508
2.431,6.505
2.431,6.503
2.432,6.501
2.432,6.498
2.433,6.496
2.433,6.493
2.434,6.491
2.434,6.488
2.435,6.486
2.435,6.483
2.436,6.480
2.436,6.478
2.437,6.475
2.437,6.473
2.438,6.470
2.438,6.468
2.439,6.465
2.439,6.462
2.440,6.460
2.440,6.457
2.441,6.454
2.441,6.452
2.442,6.449
2.442,6.446
2.443,6.444
2.443,6.441
2.444,6.438
2.444,6.436
2.445,6.433
2.445,6.430
2.446,6.427
2.446,6.425
2.447,6.422
2.447,6.419
2.448,6.416
2.448,6.413
2.449,6.411
2.449,6.408
2.450,6.405
2.450,6.402
2.451,6.399
2.451,6.396
2.452,6.393
2.452,6.391
2.453,6.388
2.453,6.385
2.454,6.382
2.454,6.379
2.455,6.376
2.455,6.373
2.456,6.370
2.456,6.367
2.457,6.364
2.457,6.361
2.458,6.358
2.458,6.355
2.459,6.352
2.459,6.349
2.460,6.346
2.460,6.343
2.461,6.340
2.461,6.337
2.462,6.333
2.462,6.330
2.463,6.327
2.463,6.324
2.464,6.321
2.464,6.318
2.465,6.315
2.465,6.311
2.466,6.308
2.466,6.305
2.467,6.302
2.467,6.298
2.468,6.295
2.468,6.292
2.469,6.289
2.469,6.285
2.470,6.282
2.470,6.279
2.471,6.276
2.471,6.272
2.472,6.269
2.472,6.266
2.473,6.262
2.473,6.259
2.474,6.255
2.474,6.252
2.475,6.249
2.475,6.245
2.476,6.242
2.476,6.238
2.477,6.235
2.477,6.232
2.478,6.228
2.478,6.225
2.479,6.221
2.479,6.218
2.480,6.214
2.480,6.211
2.481,6.207
2.481,6.204
2.482,6.200
2.482,6.196
2.483,6.193
2.483,6.189
2.484,6.186
2.484,6.182
2.485,6.178
2.485,6.175
2.486,6.171
2.486,6.167
2.487,6.164
2.487,6.160
2.488,6.156
2.488,6.153
2.489,6.149
2.489,6.145
2.490,6.141
2.490,6.138
2.491,6.134
2.491,6.130
2.492,6.126
2.492,6.123
2.493,6.119
2.494,6.115
2.494,6.111
2.495,6.107
2.495,6.103
2.496,6.100
2.496,6.096
2.497,6.092
2.497,6.088
2.498,6.084
2.498,6.080
2.499,6.076
2.499,6.072
2.500,6.068
2.500,6.064
2.501,6.060
2.501,6.056
2.502,6.052
2.502,6.048
2.503,6.044
2.503,6.040
2.504,6.036
2.504,6.032
2.505,6.028
2.505,6.024
2.506,6.020
2.506,6.016
2.507,6.012
2.507,6.007
2.508,6.003
2.508,5.999
2.509,5.995
2.509,5.991
2.510,5.987
2.510,5.982
2.511,5.978
2.511,5.974
2.512,5.970
2.512,5.965
2.513,5.961
2.513,5.957
2.514,5.953
2.514,5.948
2.515,5.944
2.515,5.940
2.516,5.935
2.516,5.931
2.517,5.927
2.517,5.922
2.518,5.918
2.518,5.913
2.519,5.909
2.519,5.905
2.520,5.900
2.520,5.896
2.521,5.891
2.521,5.887
2.522,5.882
2.522,5.878
2.523,5.873
2.523,5.869
2.524,5.864
2.524,5.860
2.525,5.855
2.525,5.851
2.526,5.846
2.526,5.841
2.527,5.837
2.527,5.832
2.528,5.828
2.528,5.823
2.529,5.818
2.529,5.814
2.530,5.809
2.530,5.804
2.531,5.799
2.531,5.795
2.532,5.790
2.532,5.785
2.533,5.781
2.533,5.776
2.534,5.771
2.534,5.766
2.535,5.761
2.535,5.757
2.536,5.752
2.536,5.747
2.537,5.742
2.537,5.737
2.538,5.732
2.538,5.727
2.539,5.723
2.539,5.718
2.540,5.713
2.540,5.708
2.541,5.703
2.541,5.698
2.542,5.693
2.542,5.688
2.543,5.683
2.543,5.678
2.544,5.673
2.544,5.668
2.545,5.663
2.545,5.658
2.546,5.654
2.546,5.649
2.547,5.644
2.547,5.639
2.548,5.634
2.548,5.629
2.549,5.624
2.549,5.619
2.550,5.614
2.550,5.609
2.551,5.605
2.551,5.600
2.552,5.595
2.552,5.590
2.553,5.585
2.553,5.580
2.554,5.576
2.554,5.571
2.555,5.566
2.555,5.561
2.556,5.556
2.556,5.552
2.557,5.547
2.557,5.542
2.558,5.538
2.558,5.533
2.559,5.528
2.559,5.524
2.560,5.519
2.560,5.514
2.561,5.510
2.561,5.505
2.562,5.500
2.562,5.496
2.563,5.491
2.563,5.487
2.564,5.482
2.564,5.477
2.565,5.473
2.565,5.468
2.566,5.464
2.566,5.459
2.567,5.455
2.567,5.450
2.568,5.446
2.568,5.441
2.569,5.437
2.569,5.433
2.570,5.428
2.570,5.424
2.571,5.419
2.571,5.415
2.572,5.411
2.572,5.406
2.573,5.402
2.573,5.397
2.574,5.393
2.574,5.389
2.575,5.384
2.575,5.380
2.576,5.376
2.576,5.372
2.577,5.367
2.577,5.363
2.578,5.359
2.578,5.355
2.579,5.350
2.579,5.346
2.580,5.342
2.580,5.338
2.581,5.333
2.581,5.329
2.582,5.325
2.582,5.321
2.583,5.317
2.583,5.313
2.584,5.308
2.584,5.304
2.585,5.300
2.585,5.296
2.586,5.292
2.586,5.288
2.587,5.284
2.587,5.280
2.588,5.275
2.588,5.271
2.589,5.267
2.589,5.263
2.590,5.259
2.590,5.255
2.591,5.251
2.591,5.247
2.592,5.243
2.592,5.239
2.593,5.235
2.593,5.231
2.594,5.227
2.594,5.223
2.595,5.219
2.595,5.215
2.596,5.211
2.596,5.207
2.597,5.203
2.597,5.199
2.598,5.195
2.598,5.191
2.599,5.188
2.599,5.184
2.600,5.180
2.600,5.176
2.601,5.172
2.601,5.168
2.602,5.164
2.602,5.160
2.603,5.157
2.603,5.153
2.604,5.149
2.604,5.145
2.605,5.141
2.605,5.137
2.606,5.134
2.606,5.130
2.607,5.126
2.607,5.122
2.608,5.118
2.608,5.115
2.609,5.111
2.609,5.107
2.610,5.103
2.610,5.100
2.611,5.096
2.611,5.092
2.612,5.089
2.612,5.085
2.613,5.081
2.613,5.077
2.614,5.074
2.614,5.070
2.615,5.066
2.615,5.063
2.616,5.059
2.616,5.056
2.617,5.052
2.617,5.048
2.618,5.045
2.618,5.041
2.619,5.038
2.619,5.034
2.620,5.030
2.620,5.027
2.621,5.023
2.621,5.020
2.622,5.016
2.622,5.013
2.623,5.009
2.623,5.006
2.624,5.002
2.624,4.999
2.625,4.995
2.625,4.992
2.626,4.989
2.626,4.985
2.627,4.982
2.627,4.978
2.628,4.975
2.628,4.972
2.629,4.968
2.629,4.965
2.630,4.961
2.630,4.958
2.631,4.955
2.631,4.951
2.632,4.948
2.632,4.945
2.633,4.942
2.633,4.938
2.634,4.935
2.634,4.932
2.635,4.929
2.635,4.925
2.636,4.922
2.636,4.919
2.637,4.916
2.637,4.913
2.638,4.910
2.638,4.907
2.639,4.903
2.639,4.900
2.640,4.897
2.640,4.894
2.641,4.891
2.641,4.888
2.642,4.885
2.642,4.882
2.643,4.879
2.643,4.876
2.644,4.874
2.644,4.871
2.645,4.868
2.645,4.865
2.646,4.862
2.646,4.860
2.647,4.857
2.647,4.854
2.648,4.852
2.648,4.849
2.649,4.847
2.649,4.844
2.650,4.842
2.650,4.839
2.651,4.837
2.651,4.835
2.652,4.832
2.652,4.830
2.653,4.829
2.653,4.827
2.654,4.826
2.654,4.825
2.655,4.824
2.655,4.823
2.656,4.823
2.656,4.823
2.657,4.823
2.657,4.823
2.658,4.822
2.658,4.822
2.659,4.821
2.659,4.820
2.660,4.819
2.660,4.818
2.661,4.817
2.661,4.816
2.662,4.815
2.662,4.814
2.663,4.814
2.663,4.814
2.664,4.814
2.664,4.814
2.665,4.814
2.665,4.815
2.666,4.816
2.666,4.817
2.667,4.819
2.667,4.820
2.668,4.822
2.668,4.824
2.669,4.826
2.669,4.829
2.670,4.831
2.670,4.833
2.671,4.836
2.671,4.838
2.672,4.841
2.672,4.843
2.673,4.845
2.673,4.847
2.674,4.849
2.674,4.850
2.675,4.851
2.675,4.852
2.676,4.853
2.676,4.853
2.677,4.854
2.677,4.854
2.678,4.853
2.678,4.853
2.679,4.852
2.679,4.851
2.680,4.849
2.680,4.848
2.681,4.846
2.681,4.845
2.682,4.843
2.682,4.841
2.683,4.840
2.683,4.838
2.684,4.836
2.684,4.835
2.685,4.833
2.685,4.832
2.686,4.831
2.686,4.831
2.687,4.830
2.687,4.830
2.688,4.830
2.688,4.830
2.689,4.830
2.689,4.831
2.690,4.831
2.690,4.832
2.691,4.834
2.691,4.835
2.692,4.837
2.692,4.838
2.693,4.840
2.693,4.841
2.694,4.843
2.694,4.845
2.695,4.846
2.695,4.848
2.696,4.849
2.696,4.850
2.697,4.851
2.697,4.852
2.698,4.853
2.698,4.853
2.699,4.854
2.699,4.854
2.700,4.854
2.700,4.853
2.701,4.853
2.701,4.852
2.702,4.851
2.702,4.850
2.703,4.848
2.703,4.847
2.704,4.845
2.704,4.844
2.705,4.842
2.705,4.841
2.706,4.839
2.706,4.838
2.707,4.836
2.707,4.835
2.708,4.834
2.708,4.833
2.709,4.832
2.709,4.831
2.710,4.831
2.710,4.831
2.711,4.831
2.711,4.831
2.712,4.831
2.712,4.832
2.713,4.832
2.713,4.833
2.714,4.834
2.714,4.836
2.715,4.837
2.715,4.838
2.716,4.839
2.716,4.841
2.717,4.842
2.717,4.844
2.718,4.845
2.718,4.846
2.719,4.847
2.719,4.848
2.720,4.849
2.720,4.849
2.721,4.850
2.721,4.850
2.722,4.850
2.722,4.850
2.723,4.850
2.723,4.850
2.724,4.849
2.724,4.848
2.725,4.847
2.725,4.846
2.726,4.845
2.726,4.844
2.727,4.843
2.727,4.841
2.728,4.840
2.728,4.839
2.729,4.837
2.729,4.836
2.730,4.835
2.730,4.834
2.731,4.833
2.731,4.832
2.732,4.832
2.732,4.831
2.733,4.831
2.733,4.831
2.734,4.831
2.734,4.831
2.735,4.832
2.735,4.832
2.736,4.833
2.736,4.834
2.737,4.835
2.737,4.836
2.738,4.837
2.738,4.838
2.739,4.839
2.739,4.840
2.740,4.841
2.740,4.843
2.741,4.844
2.741,4.845
2.742,4.845
2.742,4.846
2.743,4.847
2.743,4.847
2.744,4.848
2.744,4.848
2.745,4.848
2.745,4.848
2.746,4.847
2.746,4.847
2.747,4.846
2.747,4.846
2.748,4.845
2.748,4.844
2.749,4.843
2.749,4.842
2.750,4.841
2.750,4.840
2.751,4.839
2.751,4.838
2.752,4.836
2.752,4.836
2.753,4.835
2.753,4.834
2.754,4.833
2.754,4.833
2.755,4.832
2.755,4.832
2.756,4.832
2.756,4.832
2.757,4.832
2.757,4.832
2.758,4.833
2.758,4.833
2.759,4.834
2.759,4.835
2.760,4.835
2.760,4.836
2.761,4.837
2.761,4.838
2.762,4.839
2.762,4.840
2.763,4.841
2.763,4.842
2.764,4.843
2.764,4.844
2.765,4.844
2.765,4.845
2.766,4.846
2.766,4.846
2.767,4.846
2.767,4.846
2.768,4.846
2.768,4.846
2.769,4.846
2.769,4.845
2.770,4.845
2.770,4.844
2.771,4.843
2.771,4.842
